tree
version=v4
num_class=1
num_tree_per_iteration=1
label_index=0
max_feature_idx=37
objective=huber
feature_names=Column_0 Column_1 Column_2 Column_3 Column_4 Column_5 Column_6 Column_7 Column_8 Column_9 Column_10 Column_11 Column_12 Column_13 Column_14 Column_15 Column_16 Column_17 Column_18 Column_19 Column_20 Column_21 Column_22 Column_23 Column_24 Column_25 Column_26 Column_27 Column_28 Column_29 Column_30 Column_31 Column_32 Column_33 Column_34 Column_35 Column_36 Column_37
feature_infos=[-9.8662471771240234:-2.825068473815918] [-5.7732772827148438:2.3123266696929932] [0.40953189134597778:9.8690023422241211] [-0.087202787399291992:0.07667851448059082] [0:0.087202787399291992] [0:1] [-5.8690023422241211:3.590468168258667] [200.14599609375:999.31597900390625] [10:78] [0:16] [0:16] [0:51] [0:506.1300048828125] [-14.098799705505371:23.219699859619141] [0:1] [0:23] [0:31] none [0:90] [0:1] [0:20] [0:31] [0:14] [0:32] [0:10] none none none none [-10.232488632202148:-3.0533092021942139] [-9.8462705612182617:-3.7526729106903076] [0:2.1525182723999023] [-5.3456020355224609:2.379694938659668] [-5.6888055801391602:2.2449395656585693] [6.7949295043945312e-06:2.230104923248291] [0.22810754179954529:10.269994735717773] [1.4622870683670044:9.6290626525878906] [1.0013580322265625e-05:3.5471277236938477]
tree_sizes=2923 2979 3007 2977 2965 2946 2926 2983 3013 3002 2948 2960 2972 2962 2973 2950 2937 2970 3009 3014 2973 2985 2959 2944 2961 2975 2947 2958 2963 2973

Tree=0
num_leaves=31
num_cat=0
split_feature=34 37 0 4 31 37 34 14 29 18 29 34 18 8 12 21 35 4 29 16 29 37 35 3 14 36 34 13 7 30
split_gain=0.548031 0.254982 0.248869 0.0539276 0.0533758 0.0431479 0.0423684 0.0418187 0.0442552 0.0408643 0.0369324 0.0347081 0.0291849 0.0246592 0.0214672 0.018478 0.0171581 0.0170859 0.0150042 0.0178088 0.0194649 0.0129997 0.0166145 0.0126454 0.0121517 0.0110725 0.0106176 0.0198241 0.0219084 0.0137487
threshold=0.37053740024566656 0.23375868797302249 -4.9715194702148429 0.014674857258796694 0.10225892066955568 0.39308238029479986 0.046993061900138862 0.680425524711609 -6.208737611770629 6.5000000000000009 -5.3558819293975821 0.1141381859779358 15.500000000000002 49.500000000000007 118.54999923706056 4.5000000000000009 3.3008154630661015 0.0014021992683410647 -5.183680295944213 6.5000000000000009 -5.0445325374603263 0.35825586318969732 4.3958024978637704 0.0039041340351104741 0.53923079371452343 4.0188729763031015 0.1884221434593201 2.2964500188827519 378.91600036621099 -5.9593956470489493
decision_type=2 2 2 2 2 2 2 2 2 2 2 2 2 2 2 2 2 2 2 2 2 2 2 2 2 2 2 2 2 2
left_child=1 4 3 9 11 18 -7 13 -9 -2 21 15 -5 16 -6 25 -8 -18 26 20 -20 -11 -23 -16 -19 -1 -3 28 29 -28
right_child=2 5 -4 12 14 6 7 8 -10 10 -12 -13 -14 -15 23 -17 17 24 19 -21 -22 22 -24 -25 -26 -27 27 -29 -30 -31
leaf_value=0.0066830314201176064 0.0077919144369427307 0.0068171284059395619 0.0090308907522986884 0.0073122394473488124 0.006730884420753455 0.0079414179537414809 0.0067106666481603124 0.0069154446118227025 0.008060797300177773 0.006748322200154244 0.0064203918892159553 0.0067481279834972364 0.0083189631240752626 0.0064780016764236763 0.0068120053522545557 0.0067041345271391262 0.0067208828333144175 0.0072632031762144417 0.0076302547793856597 0.0067220619870349552 0.0069540532296724824 0.0075218364160386554 0.0068992873254852781 0.0070478063353515211 0.0067282550473298135 0.0066285277330778982 0.0072288520110034673 0.0068546614201271403 0.007725803737498314 0.006718514468800711
leaf_weight=3159 52 1207 64 48 4116 40 70 46 51 49 50 2728 49 52 733 3658 50 224 57 65 76 81 59 196 41 11253 64 400 40 48
leaf_count=3159 52 1207 64 48 4116 40 70 46 51 49 50 2728 49 52 733 3658 50 224 57 65 76 81 59 196 41 11253 64 400 40 48
internal_value=0.00672081 0.00670695 0.00758341 0.0073329 0.00668341 0.00694623 0.00713966 0.00707277 0.00755068 0.0071462 0.00699142 0.00666567 0.00785742 0.00695932 0.00675605 0.00665308 0.00703127 0.00711023 0.00688804 0.00710166 0.00726713 0.00715643 0.00728033 0.00686474 0.00719017 0.0066403 0.00686237 0.00695641 0.00720522 0.00698993
internal_weight=28826 28374 452 388 25843 2531 574 534 97 291 239 20798 97 437 5045 18070 385 315 1957 198 133 189 140 929 265 14412 1759 552 152 112
internal_count=28826 28374 452 388 25843 2531 574 534 97 291 239 20798 97 437 5045 18070 385 315 1957 198 133 189 140 929 265 14412 1759 552 152 112
is_linear=0
shrinkage=1


Tree=1
num_leaves=31
num_cat=0
split_feature=34 37 2 33 37 18 2 12 3 2 31 34 37 18 34 37 36 32 11 36 31 7 33 7 31 36 18 36 20 3
split_gain=0.522357 0.243102 0.129705 0.219974 0.0734966 0.0411764 0.0604845 0.031484 0.0298199 0.0457342 0.0400745 0.0258312 0.0252444 0.0244268 0.0190905 0.0179164 0.0175566 0.0198941 0.0154011 0.0144665 0.0142112 0.0128843 0.0122207 0.009734 0.00927903 0.00899473 0.00895449 0.00886258 0.00970386 0.00860722
threshold=0.37053740024566656 0.16229414939880374 3.6212613582611088 -1.6442639231681822 0.39308238029479986 10.500000000000002 5.5006191730499276 120.50500106811525 -0.0067079067230224601 4.5561518669128427 0.3042218685150147 0.053095579147338874 0.6805403232574464 31.500000000000004 0.12256875634193422 0.24837172031402591 4.8935306072235116 -2.0027428865432735 6.5000000000000009 3.0492984056472783 0.10225892066955568 341.79600524902349 -1.2181481122970579 439.51350402832037 0.09172606468200685 4.8233506679534921 7.5000000000000009 4.0188729763031015 1.5000000000000002 0.0039041340351104741
decision_type=2 2 2 2 2 2 2 2 2 2 2 2 2 2 2 2 2 2 2 2 2 2 2 2 2 2 2 2 2 2
left_child=1 7 3 19 15 6 -6 14 9 -4 -10 -7 13 16 21 -3 17 -13 -17 -2 26 27 29 -19 -23 -20 -9 28 -1 -22
right_child=2 4 8 -5 5 11 -8 20 10 -11 -12 12 -14 -15 -16 18 -18 23 25 -21 22 24 -24 -25 -26 -27 -28 -29 -30 -31
leaf_value=0.00016532891862734689 0.0011064126414592984 6.9289065191563065e-05 0.0014781399622612905 0.0029933119273804088 0.0014345206906345035 0.00088497835405030147 0.00029679467407483823 0.00029963251600080793 0.00051689354491013778 0.0003822565938406033 -0.00032079469520858558 0.00012050735123388801 -0.00033645400438365682 -8.4323615674526469e-05 1.6682232064489892e-05 8.9310024245253033e-05 -7.7030902890407489e-06 0.00029554975025543437 0.0003105920643148243 0.00038954078870592643 0.00013297073136214977 -6.0110806754542821e-05 0 0.00081412951754738063 0 0.00011787985114155843 -9.3979536955556891e-06 -0.0001026199459276442 -5.5158303405817136e-05 0.0004294290273516838
leaf_weight=149 55 3027 47 42 56 42 76 59 151 66 42 81 42 77 1801 779 45 55 566 49 255 8856 272 100 1869 277 2393 6702 691 104
leaf_count=149 55 3027 47 42 56 42 76 59 151 66 42 81 42 77 1801 779 45 55 566 49 255 8856 272 100 1869 277 2393 6702 691 104
internal_value=-2.37984e-08 -1.35567e-05 0.000842128 0.0014636 0.000140368 0.000408583 0.00080542 -4.83954e-05 0.000533666 0.000868964 0.000320998 0.000282877 0.000211372 0.000283365 -5.98596e-05 0.000106633 0.000392926 0.000479576 0.0001747 0.000799392 2.54121e-05 -6.75434e-05 0.000131158 0.000649217 -4.94268e-05 0.000250446 -8.23787e-07 -9.29646e-05 -1.29253e-05 0.000226752
internal_weight=28826 28374 452 146 5223 574 132 23151 306 113 193 442 400 358 20068 4649 281 236 1622 104 3083 18267 631 155 10725 843 2452 7542 840 359
internal_count=28826 28374 452 146 5223 574 132 23151 306 113 193 442 400 358 20068 4649 281 236 1622 104 3083 18267 631 155 10725 843 2452 7542 840 359
is_linear=0
shrinkage=0.025


Tree=2
num_leaves=31
num_cat=0
split_feature=34 37 0 4 31 2 18 37 18 34 0 34 31 7 31 12 21 3 10 2 18 37 35 3 36 12 19 14 12 0
split_gain=0.497818 0.231382 0.229647 0.0501612 0.0488523 0.0400679 0.0390877 0.0389738 0.040843 0.0329979 0.0324229 0.0309338 0.0265873 0.0240836 0.0197152 0.0183981 0.0179715 0.0162708 0.0168921 0.0128738 0.0281501 0.0120867 0.0145831 0.0118749 0.0103055 0.0101759 0.0100575 0.00971732 0.0198869 0.00898847
threshold=0.37053740024566656 0.23375868797302249 -4.9715194702148429 0.014674857258796694 0.10126948356628419 4.2840440273284921 6.5000000000000009 0.39308238029479986 4.5000000000000009 0.052584886550903327 -5.3973309993743888 0.1141381859779358 0.56534051895141613 617.80001831054699 0.12808322906494143 118.54999923706056 4.5000000000000009 -0.0081502795219421369 2.5000000000000004 3.2473061084747319 22.500000000000004 0.35825586318969732 4.3958024978637704 0.0040616393089294442 4.0188729763031015 82.625000000000014 0.13423423469066623 0.69309264421463024 101.29500198364259 -5.1704349517822257
decision_type=2 2 2 2 2 2 2 2 2 2 2 2 2 2 2 2 2 2 2 2 2 2 2 2 2 2 2 2 2 2
left_child=1 4 3 6 11 -5 -2 19 -9 -10 21 16 13 14 -11 -6 24 -16 25 20 -3 -8 -23 -17 -1 -19 -18 -13 -29 -28
right_child=2 7 -4 5 15 -7 10 8 9 12 -12 27 -14 -15 17 23 26 18 -20 -21 -22 22 -24 -25 -26 -27 29 28 -30 -31
leaf_value=-3.5949495471231213e-05 0.0010316939346966189 0.00090067188401614362 0.0022129683058757601 0.0015455285156245476 1.0005057537340303e-05 0.00040696794470382292 2.3492574069749418e-05 0.0010304863219384149 0.00096195711429269677 -4.5360908843576907e-05 -0.00025837115271662534 7.3928395753947409e-06 -0.0003127836786701334 -2.575606880861375e-05 0.00087117823790380041 8.329775575837507e-05 0.00014992254045297836 -7.0823525451926581e-05 0.00060935942654060521 0.00013690026764696557 0.00015233065730100749 0.00076742479503243176 0.00016809111524770712 0.00031301553949000132 -8.8734996777677143e-05 0.00034902590042485164 -3.4871487049219103e-05 4.4598799422639328e-05 0.00056252245935367324 0.00015483868387354961
leaf_weight=3139 52 47 64 55 4207 42 50 60 47 42 54 2411 43 91 62 748 214 57 102 1783 127 78 57 192 11199 70 3273 240 61 159
leaf_count=3139 52 47 64 55 4207 42 50 60 47 42 54 2411 43 91 62 748 214 57 102 1783 127 78 57 192 11199 70 3273 240 61 159
internal_value=0 -1.31906e-05 0.000822153 0.000581215 -3.56182e-05 0.00108724 0.000400833 0.000214744 0.000398735 0.000318277 0.000249431 -5.28057e-05 0.000246237 0.000309415 0.000408296 3.30037e-05 -6.47137e-05 0.000482265 0.00036277 0.000159326 0.000372746 0.000411688 0.000535852 0.000133158 -7.73564e-05 0.000141977 -1.43026e-05 2.52327e-05 0.000159353 -2.53117e-05
internal_weight=28826 28374 452 388 25843 97 291 2531 574 514 239 20696 467 424 333 5147 17984 291 229 1957 174 185 135 940 14338 127 3646 2712 301 3432
internal_count=28826 28374 452 388 25843 97 291 2531 574 514 239 20696 467 424 333 5147 17984 291 229 1957 174 185 135 940 14338 127 3646 2712 301 3432
is_linear=0
shrinkage=0.025


Tree=3
num_leaves=31
num_cat=0
split_feature=34 37 0 37 4 18 32 18 34 0 31 31 18 8 37 32 6 34 4 3 2 37 35 30 3 30 32 34 13 1
split_gain=0.474529 0.221672 0.21837 0.0662643 0.0476521 0.0388004 0.0386552 0.0370924 0.0313753 0.0309564 0.0273042 0.0253322 0.0218605 0.0177628 0.0161108 0.0155415 0.0182467 0.014281 0.0135849 0.0127317 0.0120592 0.0114421 0.0137675 0.0113188 0.0115534 0.0108714 0.0100685 0.00847402 0.0109211 0.0082599
threshold=0.37053740024566656 0.16229414939880374 -4.9715194702148429 0.39308238029479986 0.014674857258796694 4.5000000000000009 -1.8175354003906248 6.5000000000000009 0.052584886550903327 -5.3973309993743888 0.10225892066955568 0.56534051895141613 31.500000000000004 31.500000000000004 0.29237198829650884 -2.398422002792358 -1.3184533119201658 0.1664407551288605 0.013418078422546388 -0.0081502795219421369 3.7140364646911626 0.35825586318969732 4.3958024978637704 -5.5450117588043204 -0.0097386837005615217 -5.228557586669921 -2.4681648015975948 0.06724992394447328 2.6045349836349492 -1.3250845670700071
decision_type=2 2 2 2 2 2 2 2 2 2 2 2 2 2 2 2 2 2 2 2 2 2 2 2 2 2 2 2 2 2
left_child=1 10 4 14 7 -5 -6 -2 -7 21 13 12 15 17 29 -10 -17 -1 -15 -18 -12 -9 -23 24 -16 -21 -22 -26 -29 -3
right_child=2 3 -4 5 6 8 -8 9 11 -11 20 -13 -14 18 23 16 19 -19 -20 25 26 22 -24 -25 27 -27 -28 28 -30 -31
leaf_value=-8.045235452279542e-05 0.0010063882491755615 0.00011793437706865604 0.002159346421911883 0.0010051464950990268 0.001608699045510606 0.00093840920825338499 0.00049784512917260416 2.2916783067664841e-05 -1.408263098537212e-05 -0.0002520293335851007 0.00011315517698443623 -0.00030514180713453248 -5.1161836775300357e-05 -3.4605356943172839e-05 -0.00010077750449070046 0 0.00088334956123602398 0.00014154399413779506 0.00013103700551647142 0.00028497247203609514 0.00037831447620798525 0.000748482038137279 0.00016396128812881091 0.00034251754805781173 -5.5289119065946581e-05 0.00080161709496418812 -1.0690994594113383e-05 0.00039667596206304293 0.00011293209258479746 4.1390037910934952e-05
leaf_weight=11792 52 1831 64 60 46 47 51 50 41 54 653 43 77 7164 96 41 60 175 317 164 41 78 57 269 63 41 3009 158 263 1969
leaf_count=11792 52 1831 64 60 46 47 51 50 41 54 653 43 77 7164 96 41 60 175 317 164 41 78 57 269 63 41 3009 158 263 1969
internal_value=0 -1.28337e-05 0.000802737 0.000134144 0.000567564 0.000388913 0.00106119 0.000391389 0.000310312 0.000243529 -4.61052e-05 0.000239887 0.000301632 -5.79794e-05 0.000102074 0.000387023 0.00044878 -7.69855e-05 -2.72357e-05 0.000524709 1.55812e-05 0.000402197 0.000523087 0.000202413 0.000132653 0.000403827 -4.52005e-06 0.000184221 0.000226032 7.89514e-05
internal_weight=28826 28374 452 5223 388 574 97 291 514 239 23151 467 424 19448 4649 347 306 11967 7481 265 3703 185 135 849 580 205 3050 484 421 3800
internal_count=28826 28374 452 5223 388 574 97 291 514 239 23151 467 424 19448 4649 347 306 11967 7481 265 3703 185 135 849 580 205 3050 484 421 3800
is_linear=0
shrinkage=0.025


Tree=4
num_leaves=31
num_cat=0
split_feature=34 37 2 33 37 18 2 12 3 35 31 37 18 36 34 37 7 19 31 7 14 37 1 36 20 31 31 22 3 12
split_gain=0.45237 0.210859 0.112857 0.204677 0.0630361 0.036982 0.0588029 0.0281918 0.0274759 0.0528167 0.0380292 0.0232963 0.0221774 0.0233291 0.0169103 0.0154927 0.015467 0.0133745 0.0127956 0.0116394 0.0110495 0.0161727 0.0103773 0.0081484 0.0092028 0.0080129 0.00798781 0.00975411 0.00717054 0.00703581
threshold=0.37053740024566656 0.16229414939880374 3.6212613582611088 -1.6442639231681822 0.39308238029479986 10.500000000000002 5.5006191730499276 120.50500106811525 -0.0067079067230224601 4.4175076484680185 0.3042218685150147 0.6805403232574464 31.500000000000004 4.8935306072235116 0.12256875634193422 0.24837172031402591 447.42700195312506 0.49590164422988897 0.12993025779724124 341.79600524902349 0.57294833660125744 0.075588941574096694 -1.3537803292274473 4.0188729763031015 1.5000000000000002 0.09172606468200685 0.25835919380187994 1.0000000180025095e-35 0.0046739280223846444 64.340000152587905
decision_type=2 2 2 2 2 2 2 2 2 2 2 2 2 2 2 2 2 2 2 2 2 2 2 2 2 2 2 2 2 2
left_child=1 7 3 17 15 6 -6 14 9 -4 -10 12 13 16 19 26 -7 -2 20 23 28 -22 -20 24 -1 -21 -3 -28 -9 -17
right_child=2 4 8 -5 5 11 -8 18 10 -11 -12 -13 -14 -15 -16 29 -18 -19 22 25 21 -23 -24 -25 -26 -27 27 -29 -30 -31
leaf_value=0.00016326275232471138 0.00039352558266061055 5.5708809413449178e-05 0.0015149576566182077 0.0028387396157648808 0.0013744424718530163 0.00026026287885620578 0.00025531830932104402 -2.9599023748814055e-05 0.00048232678228511141 0.00033743827125183834 -0.00033468749314589908 -0.00023838541792158257 -1.0320306416057671e-05 -2.8095361776649949e-05 1.6184340689207127e-05 7.2726581719474831e-05 0.00069723424097803128 0.0010836640594820695 0.00028992116308782174 -5.5724276661792756e-05 0 0.00037393603593469988 8.4795548660953171e-06 -9.6455229564560934e-05 -5.162479465959112e-05 0 0.00045531556602980628 0 9.2633080743405078e-05 0.00019768042313376359
leaf_weight=149 59 2917 43 42 56 116 76 2085 151 70 42 46 83 50 1801 472 147 45 193 8856 167 119 175 6702 691 1869 70 40 344 1150
leaf_count=149 59 2917 43 42 56 116 76 2085 151 70 42 46 83 50 1801 472 147 45 193 8856 167 119 175 6702 691 1869 70 40 344 1150
internal_value=0 -1.24946e-05 0.000783806 0.00136412 0.000130851 0.000379374 0.00075566 -4.49465e-05 0.000495239 0.000816809 0.000290836 0.000259904 0.000324538 0.000421046 -5.5798e-05 9.95539e-05 0.000515687 0.000723429 2.48733e-05 -6.30323e-05 5.14442e-06 0.000152465 0.000163244 -8.72033e-05 -1.03864e-05 -4.57953e-05 6.47278e-05 0.000278717 -1.12285e-05 0.000162927
internal_weight=28826 28374 452 146 5223 574 132 23151 306 113 193 442 396 313 20068 4649 263 104 3083 18267 2715 286 368 7542 840 10725 3027 110 2429 1622
internal_count=28826 28374 452 146 5223 574 132 23151 306 113 193 442 396 313 20068 4649 263 104 3083 18267 2715 286 368 7542 840 10725 3027 110 2429 1622
is_linear=0
shrinkage=0.025


Tree=5
num_leaves=31
num_cat=0
split_feature=34 0 37 37 37 0 12 0 34 7 34 30 31 11 34 12 3 31 4 2 14 7 4 14 37 4 4 20 1 21
split_gain=0.431183 0.202311 0.200651 0.0609358 0.0442079 0.0356836 0.0263143 0.0223518 0.0369292 0.0271432 0.016036 0.0270379 0.0235077 0.0288675 0.0153553 0.0141156 0.0133277 0.0129316 0.0119895 0.019506 0.0174089 0.0116371 0.0113467 0.0107001 0.0153939 0.0100844 0.0100059 0.0201878 0.0090213 0.0088434
threshold=0.37053740024566656 -4.9131917953491202 0.16032457351684573 0.29237198829650884 0.89044666290283214 -5.3973309993743888 120.50500106811525 -5.3710961341857901 0.066669225692749037 617.80001831054699 0.19227182865142825 -5.7044994831085196 0.20701313018798831 5.5000000000000009 0.12256875634193422 126.83499908447267 0.0021629184484481816 0.12993025779724124 0.0018738508224487307 4.5025813579559335 0.53001201152801525 420.46600341796881 0.018437027931213382 0.57294833660125744 0.075588941574096694 0.0025425255298614506 0.008793830871582033 2.5000000000000004 -1.3537803292274473 2.5000000000000004
decision_type=2 2 2 2 2 2 2 2 2 2 2 2 2 2 2 2 2 2 2 2 2 2 2 2 2 2 2 2 2 2
left_child=2 4 6 15 5 26 14 10 -9 16 -5 12 25 -14 21 -4 -10 23 -17 20 -20 -1 -23 -8 -25 -12 -2 -28 -19 -18
right_child=1 -3 3 7 -6 -7 17 8 9 -11 11 -13 13 -15 -16 18 29 28 19 -21 -22 22 -24 24 -26 -27 27 -29 -30 -31
leaf_value=-7.721805618099618e-05 0.00036819247022232921 0.0020954379178435797 5.0758695853624407e-05 0.00010840199897678928 0.0011559172273634679 -9.0974213733261423e-05 -1.2625858270594056e-05 0.0011826091351253038 0.00066399941207964728 -8.5795828081245421e-05 0 3.8364992348876006e-05 0.0013185809891551688 0.00029037224263366729 1.4323321915589088e-05 -2.3906561033890489e-05 0 0.00028243782585121832 0.00027039695828907131 5.2808747591939214e-05 0.00085162361850962039 -3.8252255457409145e-05 0.00031782463519960984 0 0.00036466553772819072 0.00037208468853448822 0.001071695450024935 0.00029370323964851162 1.6372345184543352e-05 0.00042752947358022783
leaf_weight=11411 152 62 3217 570 65 63 2416 40 119 63 42 173 40 44 1774 128 49 191 270 255 43 6733 54 167 119 221 60 50 173 62
leaf_count=11411 152 62 3217 570 65 63 2416 40 119 63 42 173 40 44 1774 128 49 191 270 255 43 6733 54 167 119 221 60 50 173 62
internal_value=0 0.000765268 -1.21614e-05 0.000125841 0.000542593 0.00040909 -4.42378e-05 0.000266564 0.000452315 0.000340429 0.000207163 0.000310206 0.00043805 0.00081916 -5.47438e-05 7.39718e-05 0.000467867 2.33795e-05 0.000177452 0.000227185 0.000360666 -6.16145e-05 -3.50045e-05 3.56205e-06 0.000148589 0.000304216 0.000538729 0.000746417 0.000163224 0.000231225
internal_weight=28826 452 28374 5336 390 325 23038 1423 333 293 1090 520 347 84 19972 3913 230 3066 696 568 313 18198 6787 2702 286 263 262 110 364 111
internal_count=28826 452 28374 5336 390 325 23038 1423 333 293 1090 520 347 84 19972 3913 230 3066 696 568 313 18198 6787 2702 286 263 262 110 364 111
is_linear=0
shrinkage=0.025


Tree=6
num_leaves=31
num_cat=0
split_feature=34 0 37 3 35 31 0 13 34 37 34 14 33 0 35 21 18 21 36 36 18 0 32 21 11 12 1 21 15 1
split_gain=0.410726 0.192515 0.191236 0.0438162 0.0772625 0.042049 0.0387883 0.0358854 0.0238155 0.0220399 0.030337 0.0258207 0.0269265 0.0177848 0.0199047 0.0160309 0.014983 0.0126738 0.012629 0.0111401 0.0214034 0.0105123 0.00880972 0.00870087 0.00868195 0.00850786 0.00844382 0.0135522 0.0189276 0.00824147
threshold=0.37053740024566656 -4.9715194702148429 0.23375868797302249 -0.0087153315544128401 4.4175076484680185 0.12808322906494143 -5.2923471927642813 -1.1700000166893003 0.10917252302169801 0.39308238029479986 0.052584886550903327 0.680425524711609 -0.24776074290275571 -6.0362024307250968 3.3008154630661015 4.5000000000000009 32.500000000000007 7.5000000000000009 4.0188729763031015 3.2968605756759648 22.500000000000004 -6.4265639781951895 -2.2192554473876949 7.5000000000000009 6.5000000000000009 203.21500396728518 -0.55375251173973072 2.5000000000000004 1.5000000000000002 -0.65778660774230946
decision_type=2 2 2 2 2 2 2 2 2 2 2 2 2 2 2 2 2 2 2 2 2 2 2 2 2 2 2 2 2 2
left_child=2 3 5 4 -2 8 26 -4 15 19 -11 13 -13 -12 -15 18 -16 -7 -1 20 -9 -17 -22 -10 -21 -25 27 -5 -29 -19
right_child=1 -3 7 6 -6 17 -8 9 23 10 11 12 -14 14 16 21 -18 29 -20 24 22 -23 -24 25 -26 -27 -28 28 -30 -31
leaf_value=-2.2486994042777631e-05 0.0015657882694624101 0.0020213284805918547 0.00075275180394097864 0.00011143499800914006 0.00020153644980481743 3.8730908290217009e-05 -0.00030349442806780442 0.00081677529270786581 5.497970277885081e-06 0.00093547382203111303 -0.00014210370144393807 0.0011369858323823569 0.00016028610089172923 -8.4328558901809947e-05 0.00044538083753924997 0.00014000090018476014 0 0.0003180498954669657 -7.8256822928028934e-05 5.2254183584111114e-05 0 -2.0712105815749881e-05 0.00040222658347025014 0.00030860266238393752 0.00016985603572816166 0 6.2885310351525625e-05 0.0010801127093584928 0.00039836049515333099 0
leaf_weight=3388 60 64 72 48 54 2824 44 44 3148 48 83 40 44 74 211 270 47 176 12056 851 82 3708 51 121 884 95 40 52 90 57
leaf_count=3388 60 64 72 48 54 2824 44 44 3148 48 83 40 44 74 211 270 47 176 12056 851 82 3708 51 121 884 95 40 52 90 57
internal_value=9.3587e-09 0.000746936 -1.1827e-05 0.000525645 0.000948675 -3.2224e-05 0.000337739 0.000195381 -4.39654e-05 0.000177745 0.00032102 0.000255162 0.000662698 0.000165269 0.000249815 -5.46327e-05 0.000355263 5.44618e-05 -6.61865e-05 0.000135303 0.00033141 -9.14324e-06 0.000147284 1.68771e-05 0.000113677 0.000170407 0.000472015 0.000544278 0.000671306 0.000233458
internal_weight=28826 452 28374 388 114 25843 274 2531 22786 2459 547 499 84 415 332 19422 258 3057 15444 1912 177 3978 133 3364 1735 216 230 190 142 233
internal_count=28826 452 28374 388 114 25843 274 2531 22786 2459 547 499 84 415 332 19422 258 3057 15444 1912 177 3978 133 3364 1735 216 230 190 142 233
is_linear=0
shrinkage=0.025


Tree=7
num_leaves=31
num_cat=0
split_feature=34 37 3 29 37 18 29 18 34 12 31 36 18 34 37 11 3 30 31 8 14 37 4 1 36 36 18 31 29 12
split_gain=0.39157 0.183206 0.102794 0.0706091 0.0555131 0.0507678 0.0383509 0.0361434 0.0283633 0.0241948 0.0233464 0.0206064 0.0185447 0.0139556 0.0135792 0.0140315 0.0131808 0.0140333 0.0118528 0.0102062 0.0100472 0.0145901 0.00879675 0.00849912 0.00832158 0.00844204 0.00820072 0.0081758 0.0118077 0.00753326
threshold=0.37053740024566656 0.16032457351684573 -0.013634026050567625 -4.8559370040893546 0.39308238029479986 6.5000000000000009 -5.2323460578918448 4.5000000000000009 0.052584886550903327 120.50500106811525 0.56534051895141613 3.6298351287841801 31.500000000000004 0.12256875634193422 0.24837172031402591 6.5000000000000009 -0.0081502795219421369 -5.228557586669921 0.12993025779724124 25.500000000000004 0.57294833660125744 0.075588941574096694 0.02033483982086182 -1.3537803292274473 4.8233506679534921 4.6478064060211191 19.500000000000004 0.25835919380187994 -5.547799587249755 110.85499954223634
decision_type=2 2 2 2 2 2 2 2 2 2 2 2 2 2 2 2 2 2 2 2 2 2 2 2 2 2 2 2 2 2
left_child=1 9 -2 5 14 -4 11 -6 -9 13 12 -7 16 19 27 29 -10 26 20 -1 -11 -22 -21 -20 25 -17 -18 -3 -29 -16
right_child=2 4 3 -5 7 6 -8 8 10 18 -12 -13 -14 -15 15 24 17 -19 23 22 21 -23 -24 -25 -26 -27 -28 28 -30 -31
leaf_value=-7.9148368170816989e-05 0.0016163071843747429 5.1031223322567551e-05 0.0010691511320624159 0.0015326874729159267 0.00094788168450115153 0.00077702061048797464 -0.00040893815879133487 0.00087467086249186355 0.0006606947316520911 -1.2017960499055979e-05 -0.00031285183386707809 0.0002194363733559144 -5.2657335890660013e-05 1.3549862927984706e-05 0.00010300918403730161 0.00023553007189639361 0 0.00067863596088665705 0.00027219551433619612 -4.2938822238038298e-05 0 0.00035455385285604281 0.00024127822889788536 1.3684733737669565e-05 9.6315266848460133e-05 0.0005691360984802368 0.00030691492545756451 3.9589580113374415e-05 0.00061254673033198787 -0.00011333043804269336
leaf_weight=8482 71 3027 63 42 60 66 41 47 76 2416 43 169 77 1774 672 498 115 43 191 9651 167 119 65 173 277 68 113 72 41 107
leaf_count=8482 71 3027 63 42 60 66 41 47 76 2416 43 169 77 1774 672 498 115 43 191 9651 167 119 65 173 277 68 113 72 41 107
internal_value=4.51765e-08 -1.15099e-05 0.000729348 0.000553718 0.000120352 0.000420926 0.000260611 0.000353944 0.000278052 -4.21637e-05 0.000210925 0.000389257 0.000270537 -5.22398e-05 9.16021e-05 0.000151362 0.000349384 0.00025078 2.26525e-05 -5.8791e-05 3.63761e-06 0.000144181 -4.07555e-05 0.000156555 0.000223431 0.000280952 0.000156559 5.9898e-05 0.000272956 6.99814e-05
internal_weight=28826 28374 452 381 5336 339 276 574 514 23038 467 235 424 19972 4762 1622 347 271 3066 18198 2702 286 9716 364 843 566 228 3140 113 779
internal_count=28826 28374 452 381 5336 339 276 574 514 23038 467 235 424 19972 4762 1622 347 271 3066 18198 2702 286 9716 364 843 566 228 3140 113 779
is_linear=0
shrinkage=0.025


Tree=8
num_leaves=31
num_cat=0
split_feature=34 0 37 37 37 29 13 12 0 34 7 4 4 31 13 34 31 34 12 4 2 14 31 7 4 4 18 1 13 14
split_gain=0.372997 0.179693 0.174408 0.0531132 0.0415099 0.045115 0.0270102 0.0230162 0.0155431 0.0277944 0.0191983 0.0147581 0.0138467 0.0208845 0.013623 0.0195787 0.0282635 0.0132767 0.0129143 0.0114514 0.0185288 0.0163014 0.0112972 0.0104502 0.010449 0.0103442 0.0125339 0.0102763 0.0100963 0.00954295
threshold=0.37053740024566656 -4.9715194702148429 0.16032457351684573 0.29237198829650884 0.89044666290283214 -5.3626818656921378 -1.1700000166893003 120.50500106811525 -5.3710961341857901 0.06724992394447328 617.80001831054699 0.0014799833297729494 0.0086456239223480242 0.15263128280639651 6.1689500808715829 0.26525247097015386 0.20701313018798831 0.12256875634193422 126.83499908447267 0.0018738508224487307 4.5025813579559335 0.53001201152801525 0.12993025779724124 420.46600341796881 0.01770114898681641 0.014674857258796694 6.5000000000000009 -1.5815342664718626 2.9564000368118291 0.57294833660125744
decision_type=2 2 2 2 2 2 2 2 2 2 2 2 2 2 2 2 2 2 2 2 2 2 2 2 2 2 2 2 2 2
left_child=2 4 7 18 5 25 -5 17 11 -10 12 27 13 -11 15 28 -17 23 -4 -20 21 -21 29 -1 -25 26 -2 -8 -13 -9
right_child=1 -3 3 6 -6 -7 8 22 9 10 -12 14 -14 -15 -16 16 -18 -19 19 20 -22 -23 -24 24 -26 -27 -28 -29 -30 -31
leaf_value=-7.2111071286477929e-05 0.00080589904059624208 0.0019432519557527627 4.6740194100238191e-05 0.00085197308901115317 0.0010907897378572009 -0.00025802874253316662 -0.00031994012360340562 -1.1717636775893892e-05 0.0010092554177944771 0.0001179760616108323 -7.43331553334544e-05 6.5939747238651943e-05 6.9539311542757791e-05 0.00078009384553459106 -2.6517043157515139e-06 0.00028777282690928843 0.0010950066357433637 1.3211306025207284e-05 -2.8816571223636182e-05 0.00025894335489458066 4.6612358763411523e-05 0.00082235860601279206 0.00015283222362312988 -3.5407383659723845e-05 0.00028406715172336373 0.00084525612718827116 0.00027286098254433668 0.00010077882614025972 0.0002846685040001216 0.00014050549403735914
leaf_weight=11411 43 64 3217 47 65 54 56 2416 41 60 62 304 74 89 134 130 40 1774 128 270 255 43 364 6725 62 57 169 88 298 286
leaf_count=11411 43 64 3217 47 65 54 56 2416 41 60 62 304 74 89 134 130 40 1774 128 270 255 43 364 6725 62 57 169 88 298 286
internal_value=8.44398e-08 0.000711882 -1.11911e-05 0.000117463 0.00049787 0.000367837 0.000248888 -4.1102e-05 0.000225869 0.00038326 0.00028125 0.000174306 0.000391163 0.0005327 0.000212197 0.000252679 0.000497623 -5.09305e-05 6.89787e-05 0.000167967 0.000216679 0.00034668 2.21022e-05 -5.7321e-05 -3.20792e-05 0.000503225 0.00039599 -4.66708e-05 0.000178653 3.51593e-06
internal_weight=28826 452 28374 5336 388 323 1423 23038 1376 326 285 1050 223 149 906 772 170 19972 3913 696 568 313 3066 18198 6787 269 212 144 602 2702
internal_count=28826 452 28374 5336 388 323 1423 23038 1376 326 285 1050 223 149 906 772 170 19972 3913 696 568 313 3066 18198 6787 269 212 144 602 2702
is_linear=0
shrinkage=0.025


Tree=9
num_leaves=31
num_cat=0
split_feature=34 0 37 37 37 29 18 34 31 12 7 31 13 13 34 37 11 0 8 7 4 14 4 18 4 31 12 35 14 8
split_gain=0.355335 0.170941 0.166066 0.0509 0.0387485 0.0388029 0.0343619 0.0268246 0.0220739 0.0218872 0.0202595 0.01761 0.0148223 0.0162997 0.0128512 0.0123996 0.013383 0.0122614 0.0114733 0.0109706 0.0109563 0.0114726 0.00972785 0.0118609 0.00949618 0.00948955 0.00942096 0.0126551 0.0143443 0.00933331
threshold=0.37053740024566656 -4.9131917953491202 0.16032457351684573 0.39308238029479986 0.89044666290283214 -5.3626818656921378 4.5000000000000009 0.052584886550903327 0.56534051895141613 120.50500106811525 617.80001831054699 0.12808322906494143 3.0515199899673466 4.2206599712371835 0.17005228996276858 0.27173995971679693 6.5000000000000009 -5.1597487926483145 32.500000000000007 420.46600341796881 0.015367776155471803 0.64785373210906994 0.014674857258796694 6.5000000000000009 0.01770114898681641 0.036668062210083015 164.17499542236331 4.6758322715759286 0.48749218881130224 50.500000000000007
decision_type=2 2 2 2 2 2 2 2 2 2 2 2 2 2 2 2 2 2 2 2 2 2 2 2 2 2 2 2 2 2
left_child=2 4 9 15 5 22 -5 -8 10 14 11 -9 -13 -14 19 26 18 -18 -17 -1 21 -11 23 -2 -21 -23 -4 28 -28 -29
right_child=1 -3 3 6 -6 -7 7 8 -10 20 -12 12 13 -15 -16 16 17 -19 -20 24 -22 25 -24 -25 -26 -27 27 29 -30 -31
leaf_value=-6.789873066890985e-05 0.00078620946421076299 0.0019184004794806243 5.0493124790017471e-05 0.00091745925042396566 0.001063933167342012 -0.00020090731132273634 0.00084441741266346067 -8.1208621108047277e-05 -0.00031025370294545697 -2.8574056392478192e-06 -4.985332624212036e-05 0.00017593523661302673 0.00091629093256219332 0.00034062414744458127 6.2704282654872491e-05 0.00013123131828498565 0.00020003128910825885 0.00062588930038112234 -0.00012366923270008926 -3.1305886430616707e-05 0.00022642204893903305 -7.684706547782602e-05 0.00082448906500538787 0.00026607959179091267 0.00026634213814483675 0.00029227862865024919 0.00016895117037895018 0.00019992026263880962 0.00076971024423729364 -0.00026191005139717955
leaf_weight=12150 43 62 3326 60 65 56 47 42 43 2712 91 122 64 105 596 441 552 53 137 7161 155 47 57 169 65 152 100 66 42 45
leaf_count=12150 43 62 3326 60 65 56 47 42 43 2712 91 122 64 105 596 441 552 53 137 7161 155 47 57 169 65 152 100 66 42 45
internal_value=1.23545e-07 0.000694866 -1.08797e-05 0.000114657 0.000489552 0.000364096 0.000338387 0.000264286 0.000198879 -4.00685e-05 0.000257004 0.000348243 0.000418853 0.000577442 -4.96539e-05 8.70989e-05 0.00015866 0.000242435 6.63867e-05 -5.32421e-05 2.15519e-05 9.71079e-06 0.000491286 0.000386511 -2.8246e-05 0.00019265 6.27092e-05 0.000212632 0.000368263 0
internal_weight=28826 452 28374 5336 390 325 574 514 467 23038 424 333 291 169 19972 4762 1183 605 578 19376 3066 2911 269 212 7226 199 3579 253 142 111
internal_count=28826 452 28374 5336 390 325 574 514 467 23038 424 333 291 169 19972 4762 1183 605 578 19376 3066 2911 269 212 7226 199 3579 253 142 111
is_linear=0
shrinkage=0.025


Tree=10
num_leaves=31
num_cat=0
split_feature=34 0 31 34 34 3 35 14 0 36 21 31 36 4 7 13 4 36 15 29 18 33 32 11 1 21 15 30 16 32
split_gain=0.338532 0.162892 0.122536 0.0520627 0.0421913 0.0383179 0.0749875 0.0373436 0.0337841 0.0318216 0.0171143 0.0147048 0.0421764 0.0144145 0.0136882 0.0122862 0.0124876 0.0120292 0.0119504 0.0182742 0.0110334 0.00959036 0.0147124 0.0116356 0.00943044 0.0128512 0.0174511 0.00892642 0.00846237 0.00837752
threshold=0.37053740024566656 -4.9715194702148429 0.12808322906494143 0.16067907214164737 0.21385571360588077 -0.0087153315544128401 4.4175076484680185 0.680425524711609 -5.2923471927642813 6.0433547496795663 4.5000000000000009 0.32827162742614752 3.4963673353195195 0.013418078422546388 635.14749145507824 1.2434499859809878 0.011869519948959352 4.0188729763031015 1.5000000000000002 -5.8481030464172354 7.5000000000000009 -1.2787378430366514 -1.7757591009140012 2.5000000000000004 -0.55375251173973072 2.5000000000000004 1.5000000000000002 -5.9246039390563956 5.5000000000000009 -0.869524985551834
decision_type=2 2 2 2 2 2 2 2 2 2 2 2 2 2 2 2 2 2 2 2 2 2 2 2 2 2 2 2 2 2
left_child=2 5 3 10 11 6 -2 14 24 -9 17 -4 -13 20 -6 16 27 -1 19 -14 28 22 23 -17 25 -7 -27 -5 -12 -22
right_child=1 -3 4 15 7 8 -8 9 -10 -11 13 12 18 -15 -16 21 -18 -19 -20 -21 29 -23 -24 -25 -26 26 -28 -29 -30 -31
leaf_value=-1.5993750919962161e-05 0.0014756586153626052 0.0018513113595545296 6.6687757333320873e-05 0.0002953698638581124 0.00028367466314291469 7.8649390316615832e-05 0.00013641661979173396 0.0013064924351935991 -0.00029945530639573312 0.00028026005455758426 0 0.0009328575511593657 0 0.0001692055489161327 -6.1147019556208259e-05 -0.00033033189271417527 0.00064780941373707417 -6.7052128485604271e-05 -7.2732342656568763e-05 0.00069793008874090984 -4.3110843364204783e-07 0 0.00024588389048972825 7.4529108552844858e-05 6.44605956750172e-06 0.0010123625316713137 0.00035830341473319004 -3.4982518901274554e-05 0.00039098889783243263 -8.495892809911386e-05
leaf_weight=3848 60 64 3949 114 334 48 54 42 44 49 52 48 51 288 77 48 47 13438 104 40 3248 730 365 391 40 52 90 70 72 969
leaf_count=3848 60 64 3949 114 334 48 54 42 44 49 52 48 51 288 77 48 47 13438 104 40 3248 730 365 391 40 52 90 70 72 969
internal_value=1.52337e-07 0.000678271 -1.05856e-05 -3.37974e-05 0.000105962 0.000474091 0.000869723 0.000323964 0.000297831 0.000790132 -4.43965e-05 7.91882e-05 0.000270982 -1.14924e-06 0.000213013 9.63416e-05 0.000269735 -5.58323e-05 9.13751e-05 0.000304852 -1.30634e-05 6.84434e-05 0.000127978 2.39299e-05 0.000423718 0.000497982 0.000620705 0.000156669 0.000216715 -2.04625e-05
internal_weight=28826 452 28374 23680 4694 388 114 502 274 91 21915 4192 243 4629 411 1765 231 17286 195 91 4341 1534 804 439 230 190 142 184 124 4217
internal_count=28826 452 28374 23680 4694 388 114 502 274 91 21915 4192 243 4629 411 1765 231 17286 195 91 4341 1534 804 439 230 190 142 184 124 4217
is_linear=0
shrinkage=0.025


Tree=11
num_leaves=31
num_cat=0
split_feature=37 37 29 37 34 31 19 1 3 36 31 18 34 35 0 18 32 12 12 12 4 2 14 34 4 32 14 37 23 36
split_gain=0.324137 0.136124 0.17194 0.0680681 0.04612 0.0216377 0.0195521 0.0388585 0.028385 0.0242202 0.029571 0.0195183 0.0175889 0.017006 0.0157253 0.0144939 0.0136805 0.0134173 0.0117879 0.0115416 0.0108888 0.0173664 0.0150044 0.00936365 0.00932032 0.00924397 0.00817089 0.00724139 0.010036 0.00723271
threshold=0.29237198829650884 0.89044666290283214 -5.6045699119567862 0.16032457351684573 0.37053740024566656 0.10225892066955568 0.13423423469066623 -0.67999929189681996 -0.0012503266334533689 3.4802231788635258 0.41876363754272466 22.500000000000004 0.21385571360588077 3.49977719783783 -5.96578025817871 13.500000000000002 -2.080323219299316 86.475002288818374 126.83499908447267 119.31999969482423 0.0018738508224487307 4.5025813579559335 0.53001201152801525 0.20800822973251346 0.015367776155471803 -1.0554826259613035 0.556623935699463 0.39308238029479986 1.0000000180025095e-35 3.9326184988021855
decision_type=2 2 2 2 2 2 2 2 2 2 2 2 2 2 2 2 2 2 2 2 2 2 2 2 2 2 2 2 2 2
left_child=3 6 -3 5 18 17 7 8 -2 11 13 -8 -9 16 15 -15 -11 -1 -5 23 -20 22 -22 -7 -19 -21 -23 28 29 -16
right_child=1 2 -4 4 -6 19 9 12 -10 10 -12 -13 -14 14 27 -17 -18 24 20 25 21 26 -24 -25 -26 -27 -28 -29 -30 -31
leaf_value=-6.3834684217049079e-05 0.0004668799903339351 0 0.0019649082688824016 4.324495784829201e-05 0.00089309722566868841 -1.5832999085032949e-05 0.00079334834169108399 0 0.0013825513592122922 0.00011977395476200262 -0.00029549624660700963 0.00027755805147060768 0.00044178970854288012 -0.0002151071556497635 0.00060253453359867615 0.00018525242600617276 -0.00043967065412204632 -2.5204581644673202e-05 -3.2689083722246765e-05 0.00018398829450899326 0.0002478132461091032 -6.7754577287808582e-05 0.00078994495963508439 0.00015225030431046771 0.00014065737054536225 -1.0390301879651886e-06 0.00021062566559571267 0.0004201891331589516 0 0.00021819515131778815
leaf_weight=12613 73 45 67 3217 42 2809 77 105 41 64 76 183 119 75 47 191 42 6553 128 414 270 146 43 222 214 240 109 256 80 265
leaf_count=12613 73 45 67 3217 42 2809 77 105 41 64 76 183 119 75 47 191 42 6553 128 414 270 146 43 222 214 240 109 256 80 265
internal_value=1.77765e-07 0.000324431 0.00117148 -2.14138e-05 7.41841e-05 -3.7917e-05 0.000266295 0.000443944 0.000827098 0.000219877 0.000164467 0.000442344 0.000235025 0.000201444 0.000236934 6.26229e-05 -8.05657e-05 -4.85094e-05 6.45297e-05 1.71096e-05 0.00015912 0.00020672 0.000332532 -2.65136e-06 -1.957e-05 0.000112374 4.18316e-05 0.000304428 0.000221591 0.00028582
internal_weight=28826 1806 112 27020 3955 23065 1694 338 114 1356 1096 260 224 1020 914 266 106 19380 3913 3685 696 568 313 3031 6767 654 255 648 392 312
internal_count=28826 1806 112 27020 3955 23065 1694 338 114 1356 1096 260 224 1020 914 266 106 19380 3913 3685 696 568 313 3031 6767 654 255 648 392 312
is_linear=0
shrinkage=0.025


Tree=12
num_leaves=31
num_cat=0
split_feature=37 37 29 13 31 37 31 37 2 8 13 0 20 4 15 21 36 4 36 13 12 14 14 29 29 31 18 29 29 12
split_gain=0.308898 0.145223 0.163685 0.0431176 0.0423335 0.0286441 0.0250102 0.0185976 0.0156232 0.0142609 0.0140396 0.0274127 0.0223872 0.0377501 0.0211532 0.0151935 0.0138833 0.0134135 0.0132387 0.0132645 0.0119005 0.0123242 0.0159693 0.0108904 0.0100436 0.00962348 0.0211322 0.0144954 0.00912225 0.00871233
threshold=0.24837172031402591 0.89044666290283214 -5.6045699119567862 -1.7802000045776365 0.12808322906494143 0.41323935985565191 0.56534051895141613 0.090517044067382826 2.6775226593017583 31.500000000000004 8.9795498847961444 -4.9936711788177481 2.5000000000000004 0.0030146688222885136 1.0000000180025095e-35 4.5000000000000009 5.1075725555419931 0.013418078422546388 4.3888018131256112 2.6045349836349492 141.34500122070315 0.57294833660125744 0.45889639854431158 -4.9544973373413077 -6.5423328876495352 0.27125024795532232 18.500000000000004 -5.4690475463867179 -5.6379315853118888 61.649999618530281
decision_type=2 2 2 2 2 2 2 2 2 2 2 2 2 2 2 2 2 2 2 2 2 2 2 2 2 2 2 2 2 2
left_child=4 3 -3 -2 7 29 10 9 -6 -1 11 12 13 -7 -15 -16 18 23 19 -14 -9 22 -22 -11 -10 -26 -27 -28 -21 -5
right_child=1 2 -4 5 8 6 -8 20 24 17 -12 -13 16 14 15 -17 -18 -19 -20 28 21 -23 -24 -25 25 26 27 -29 -30 -31
leaf_value=-7.1150628132432469e-05 0.0008939272858357679 0 0.001916507958693033 4.4184013719176222e-05 0.00043280711267808751 -3.9630131791151748e-05 -0.00020268222181732922 -1.4053889440968084e-05 0.00020125172143009476 -3.6550666787210814e-05 0 0.0010577348418618468 -0.0001642171400285756 0.0012079166720461217 0.00076467663021806713 0.0001439422966295592 -0.00014604756048950608 0.00015580962146139 0.00056568200901777727 0.00056914565847061263 0.00011657110754082295 0.00032448344135889781 -0.00021614765760937473 0.00015099128970846043 2.3048942294215543e-05 -5.91416221532899e-05 0.0001389871193936819 0.00084336654447791405 6.646530841161231e-05 0.0001796848340354736
leaf_weight=9871 59 45 67 452 69 44 42 6489 257 5531 54 43 51 49 71 56 48 250 78 47 403 124 112 195 2758 77 53 40 69 1322
leaf_count=9871 59 45 67 452 69 44 42 6489 257 5531 54 43 51 49 71 56 48 250 78 47 403 124 112 195 2758 77 53 40 69 1322
internal_value=1.97624e-07 0.000260311 0.00114235 0.000219108 -2.54705e-05 0.000201305 0.000345834 -3.74902e-05 5.86119e-05 -5.25867e-05 0.000387962 0.000425277 0.000365445 0.000562778 0.000726877 0.000513761 0.000207363 -2.14984e-05 0.000287078 0.000139478 -3.57403e-06 9.87976e-05 3.90892e-05 -2.97021e-05 4.95873e-05 3.53576e-05 0.000219124 0.000474291 0.000294629 0.000146613
internal_weight=28826 2597 112 2485 26229 2426 652 22975 3254 15847 610 556 513 220 176 127 293 5976 245 167 7128 639 515 5726 3185 2928 170 93 116 1774
internal_count=28826 2597 112 2485 26229 2426 652 22975 3254 15847 610 556 513 220 176 127 293 5976 245 167 7128 639 515 5726 3185 2928 170 93 116 1774
is_linear=0
shrinkage=0.025


Tree=13
num_leaves=31
num_cat=0
split_feature=34 0 37 37 4 2 34 18 29 18 21 7 13 3 34 1 36 37 35 34 34 13 13 21 7 4 32 6 2 4
split_gain=0.297254 0.14767 0.138872 0.0420924 0.036042 0.0341065 0.032679 0.0314229 0.0283062 0.0257108 0.0184389 0.0155052 0.024101 0.0192926 0.0171065 0.0166207 0.0115519 0.0103773 0.0121284 0.0103135 0.0102038 0.0106773 0.0156765 0.0142689 0.0100154 0.0100021 0.00915263 0.0185201 0.00899071 0.00822232
threshold=0.37053740024566656 -4.9715194702148429 0.16032457351684573 0.39308238029479986 0.014674857258796694 4.2840440273284921 0.046993061900138862 6.5000000000000009 -5.3558819293975821 4.5000000000000009 7.5000000000000009 617.80001831054699 2.8973100185394292 -0.0077822208404541007 0.27935034036636358 -1.6809681653976438 4.0188729763031015 0.35825586318969732 4.3958024978637704 0.11297994852066041 0.19227182865142825 2.3195599317550664 3.4831600189208989 2.5000000000000004 343.40950012207037 0.0094401836395263689 -2.883057594299316 1.2310756444931032 3.8362542390823369 0.016204178333282474
decision_type=2 2 2 2 2 2 2 2 2 2 2 2 2 2 2 2 2 2 2 2 2 2 2 2 2 2 2 2 2 2
left_child=2 4 10 20 7 -6 -5 -2 17 -8 16 12 15 -14 -15 -11 29 -9 -19 24 26 23 -23 -22 -18 -25 -4 -28 -13 -1
right_child=1 -3 3 6 5 -7 9 8 -10 11 -12 28 13 14 -16 -17 19 18 -20 -21 21 22 -24 25 -26 -27 27 -29 -30 -31
leaf_value=-1.5354743800208703e-05 0.00084894022781576122 0.0017528292872011663 -0.00021594937878483285 0.0010104312616057564 0.0012872345457279671 0.00024727669774641305 0.00075617682625430099 0 -0.00035062321541487365 -0.00026719317845501274 8.2127379819499143e-05 -0.00037364355360140755 0.00093943671435616632 0.00046491345599337117 -1.8640187617468959e-05 0.00024617569543469671 -8.1218698784451046e-05 0.00061074634290956208 8.0991543063040213e-05 3.5146958441644152e-06 0 -9.8167826065504978e-05 0.00017328104632391425 0.00026552029816523441 -3.9090097812395506e-05 0.00074734673543179475 5.976788429325086e-05 0.00056110215775333932 8.4039913408415743e-05 0.00014065210254515594
leaf_weight=5256 52 64 68 40 55 42 58 49 50 69 776 40 41 117 59 88 6643 81 59 1838 71 170 482 123 8308 51 3750 47 62 217
leaf_count=5256 52 64 68 40 55 42 58 49 50 69 776 40 41 117 59 88 6643 81 59 1838 71 170 482 123 8308 51 3750 47 62 217
internal_value=2.21884e-07 0.00063566 -9.83463e-06 0.000104954 0.000440925 0.000869572 0.000308558 0.000286993 0.000151284 0.00024952 -3.65336e-05 0.000181088 0.000257077 0.000427512 0.000289499 4.46908e-06 -4.07856e-05 0.000298368 0.000407381 -5.10991e-05 7.98277e-05 0.00015757 9.86341e-05 0.000303209 -5.798e-05 0.000424495 6.11024e-05 6.67778e-05 -7.3057e-05 -8.68793e-06
internal_weight=28826 452 28374 5336 388 97 574 291 239 534 23038 476 374 217 176 157 22262 189 140 16789 4762 897 652 245 14951 174 3865 3797 102 5473
internal_count=28826 452 28374 5336 388 97 574 291 239 534 23038 476 374 217 176 157 22262 189 140 16789 4762 897 652 245 14951 174 3865 3797 102 5473
is_linear=0
shrinkage=0.025


Tree=14
num_leaves=31
num_cat=0
split_feature=34 0 13 37 37 37 14 14 19 36 13 7 37 12 33 7 31 34 37 7 11 12 16 3 1 4 7 12 12 35
split_gain=0.284678 0.127388 0.15134 0.119308 0.0427111 0.0370881 0.034943 0.0522914 0.0307231 0.0446219 0.0310691 0.0218571 0.0192637 0.0180004 0.015794 0.0103915 0.00948797 0.00928218 0.00920114 0.00957224 0.00984396 0.00950492 0.0143656 0.00905203 0.00889757 0.00860506 0.00831446 0.00820194 0.0110434 0.00923503
threshold=0.31423330307006841 -4.9131917953491202 5.5953500270843515 0.16229414939880374 0.41323935985565191 0.89044666290283214 0.71583852171897899 0.83602148294448864 0.14389234036207202 5.8972234725952157 3.0141500234603886 635.14749145507824 0.6805403232574464 119.31999969482423 -1.1252424120903013 359.31750488281256 0.10225892066955568 0.12256875634193422 0.27173995971679693 617.80001831054699 8.5000000000000018 123.52000045776369 7.5000000000000009 -0.0079361200332641584 -1.1453755497932432 0.0059863328933715829 341.79600524902349 164.17499542236331 251.75500488281253 4.6758322715759286
decision_type=2 2 2 2 2 2 2 2 2 2 2 2 2 2 2 2 2 2 2 2 2 2 2 2 2 2 2 2 2 2
left_child=3 5 -3 13 18 6 12 -8 9 -6 25 -12 14 17 15 -2 -15 26 27 21 -21 -20 -23 -17 -18 -10 -1 -5 29 -29
right_child=1 2 -4 4 8 -7 7 -9 10 -11 11 -13 -14 16 -16 23 24 -19 19 20 -22 22 -24 -25 -26 -27 -28 28 -30 -31
leaf_value=-7.0701504854441821e-05 3.0866094942515098e-05 0.0023787704641197592 0.00020517601052344578 4.2440825847589357e-05 0.0013735022864836668 0.00092649931404282279 0.0014002852862384837 0.00018201300861255733 -0.00035846214407665315 0.00015456053369987584 0.00056097802877365203 0 -0.00020647155307327217 -2.2281653181496439e-06 -7.7778645591981762e-07 0.00078784380979375276 0.00018111532101225863 8.7084619567100781e-06 0.00013192561461999782 -0.00032031787385466699 8.2011582292767441e-05 0.00072943756225868133 0.00014554374991793459 0.00031767173357262506 0 6.4135833565766618e-05 -3.5500813845473742e-05 0.00042859837691154834 -6.5241196707127713e-05 1.8200202988844146e-05
leaf_weight=7534 65 46 40 3188 41 69 41 59 48 44 148 51 61 2612 94 46 381 1757 895 51 130 48 91 157 259 59 10566 118 60 67
leaf_count=7534 65 46 40 3188 41 69 41 59 48 44 148 51 61 2612 94 46 381 1757 895 51 130 48 91 157 259 59 10566 118 60 67
internal_value=2.4687e-07 0.000506163 0.00141051 -1.18679e-05 9.82098e-05 0.000368416 0.000288389 0.000715176 0.000350632 0.000780725 0.000220864 0.000407609 0.000180148 -3.59821e-05 0.000252573 0.000350401 1.79888e-05 -4.49473e-05 7.63669e-05 0.000136863 -1.87528e-05 0.00016651 0.000368803 0.000439808 0.000104274 -0.000103856 -5.02941e-05 5.41948e-05 0.000196183 0.000294305
internal_weight=28826 678 86 28148 5039 592 523 100 391 85 306 199 423 23109 362 268 3252 19857 4648 1215 181 1034 139 203 640 107 18100 3433 245 185
internal_count=28826 678 86 28148 5039 592 523 100 391 85 306 199 423 23109 362 268 3252 19857 4648 1215 181 1034 139 203 640 107 18100 3433 245 185
is_linear=0
shrinkage=0.025


Tree=15
num_leaves=31
num_cat=0
split_feature=34 37 3 29 18 29 31 13 34 36 37 34 14 33 35 29 1 14 29 16 33 18 31 8 14 15 29 13 18 11
split_gain=0.271662 0.126139 0.0910697 0.044369 0.0438057 0.0363519 0.030241 0.0293612 0.0181452 0.0168087 0.0132665 0.0255471 0.0208963 0.0250809 0.0151884 0.0193857 0.0121043 0.010245 0.0102088 0.0148719 0.0140403 0.0101837 0.00975501 0.00968723 0.00865641 0.00764347 0.00754351 0.0088213 0.00852203 0.00946571
threshold=0.37053740024566656 0.23375868797302249 -0.013634026050567625 -4.8559370040893546 6.5000000000000009 -5.2323460578918448 0.10126948356628419 -1.1700000166893003 0.1141381859779358 3.6298351287841801 0.39308238029479986 0.052584886550903327 0.680425524711609 -0.24776074290275571 3.3008154630661015 -6.2700483798980704 -1.4201962947845457 0.63762626051902782 -5.183680295944213 6.5000000000000009 -1.579152464866638 32.500000000000007 0.13164663314819339 31.500000000000004 0.69309264421463024 1.5000000000000002 -5.4136812686920157 3.5681000947952275 29.500000000000004 1.5000000000000002
decision_type=2 2 2 2 2 2 2 2 2 2 2 2 2 2 2 2 2 2 2 2 2 2 2 2 2 2 2 2 2 2
left_child=1 6 -2 4 -4 9 8 -3 23 -6 18 -12 14 -14 -13 -16 17 26 -9 20 -20 -17 -22 -1 -10 -26 27 28 29 -8
right_child=2 7 3 -5 5 -7 16 10 24 -11 11 12 13 -15 15 21 -18 -19 19 -21 22 -23 -24 -25 25 -27 -28 -29 -30 -31
leaf_value=-6.3129435381141822e-05 0.0014403888277956869 0.00066285410529155645 0.00093514621247777537 0.0012235101840870326 0.00066145292611413903 -0.00046910223129781943 0.00039818504242608674 8.7593553765361488e-05 3.3000735999096164e-06 0.00015896978060995668 0.00081686882382052081 -0.00018126869832667584 0.0010121921001984625 7.9130095452354811e-05 -0.00027310577536065306 0.00033577915980627208 -3.8157133361948089e-06 0.00043942887656380571 0.00084836911302196187 0 0 -8.6683835811877181e-06 0.00047869322076563703 -2.4594023777359444e-05 0 0.00026451635667546262 0.00016244474553339972 -1.1800404103941338e-05 0.00037890198495114783 4.1100714049736415e-05
leaf_weight=11131 71 72 63 42 66 41 52 1715 2411 169 48 79 40 44 43 242 2985 48 40 65 46 51 46 6853 141 160 404 919 66 673
leaf_count=11131 71 72 63 42 66 41 52 1715 2411 169 48 79 40 44 43 242 2985 48 40 65 46 51 46 6853 141 160 404 919 66 673
internal_value=2.72838e-07 -9.3372e-06 0.000607744 0.000442671 0.000335263 0.000186426 -2.59184e-05 0.000158923 -3.9455e-05 0.000312891 0.000142888 0.00025495 0.000194372 0.000559538 0.000113282 0.000190288 2.80233e-05 7.31197e-05 0.000109405 0.00028526 0.000437068 0.000267495 0.00022416 -4.85863e-05 2.0171e-05 0.00014657 6.34165e-05 3.84779e-05 9.99901e-05 7.0669e-05
internal_weight=28826 28374 452 381 339 276 25843 2531 20696 235 2459 547 499 84 415 336 5147 2162 1912 197 132 293 92 17984 2712 301 2114 1710 791 725
internal_count=28826 28374 452 381 339 276 25843 2531 20696 235 2459 547 499 84 415 336 5147 2162 1912 197 132 293 92 17984 2712 301 2114 1710 791 725
is_linear=0
shrinkage=0.025


Tree=16
num_leaves=31
num_cat=0
split_feature=34 0 13 37 37 37 29 34 14 14 34 30 4 13 4 12 33 4 14 3 19 12 14 4 37 31 11 8 12 12
split_gain=0.259427 0.119359 0.142962 0.108829 0.0390242 0.0342875 0.0523765 0.029402 0.0248474 0.0512401 0.0227881 0.0283016 0.026806 0.0187602 0.0178974 0.0168117 0.0146501 0.0129019 0.0151785 0.0100176 0.00952034 0.01193 0.00896389 0.00960439 0.00819557 0.00791135 0.00775783 0.00877787 0.00766051 0.0106058
threshold=0.31423330307006841 -4.9131917953491202 5.5953500270843515 0.16229414939880374 0.41323935985565191 0.89044666290283214 -5.152698040008544 0.052584886550903327 0.71583852171897899 0.83602148294448864 0.21385571360588077 -5.7044994831085196 0.0052510201930999765 2.877099990844727 0.0069198906421661386 86.475002288818374 -1.1252424120903013 0.015771746635437015 0.85880398750305187 0.0010662078857421877 0.19264507293701175 73.360000610351577 0.3647450208663941 0.010369479656219484 0.27173995971679693 0.09713983535766603 6.5000000000000009 32.500000000000007 164.17499542236331 251.75500488281253
decision_type=2 2 2 2 2 2 2 2 2 2 2 2 2 2 2 2 2 2 2 2 2 2 2 2 2 2 2 2 2 2
left_child=3 5 -3 15 24 6 8 -6 16 -10 13 14 -13 -9 -12 25 20 18 -17 -15 -2 -22 23 -23 28 -1 27 -26 -5 -30
right_child=1 2 -4 4 7 -7 -8 10 9 -11 11 12 -14 19 -16 17 -18 -19 -20 -21 21 22 -24 -25 26 -27 -28 -29 29 -31
leaf_value=-5.8436943880235318e-05 0 0.0022996389825253728 0.00018605633424690832 4.0561824035888753e-05 0.00097392923227744175 0.00088671651462209414 -0.00056389940662661614 -0.00027710695912329749 0.0014029428593050576 0.00017354941181430038 0.00032995632097362952 0.00057372910781297191 -0.00023226753080019045 0.00047549973053849368 0.0011653628315895709 -1.5497467626255573e-05 0 0.00016497032386536382 0.00029818824271715883 0 4.2178809297362681e-05 0.00039716257643109806 0.00020391310908641626 0.00097960638000707447 0.00011344429317474863 -8.2410458697713241e-06 0.00019262050381486177 -0.00011068962797144738 0.00028556430199895783 -6.659223389865251e-05
leaf_weight=12365 42 46 40 3188 42 69 40 69 40 56 45 45 53 55 42 7907 100 266 96 40 60 74 67 44 450 2475 632 133 185 60
leaf_count=12365 42 46 40 3188 42 69 40 69 40 56 45 45 53 55 42 7907 100 266 96 40 60 74 67 44 450 2475 632 133 185 60
internal_value=2.97854e-07 0.00048326 0.00135875 -1.12632e-05 9.38634e-05 0.000349784 0.000272618 0.000335223 0.000348082 0.000720752 0.000248653 0.000438912 0.000114637 1.75195e-05 0.000770325 -3.42977e-05 0.000247574 -5.39089e-06 -1.13855e-05 0.00025821 0.000338183 0.000397595 0.000498578 0.00064176 7.29542e-05 -5.02349e-05 0.000130148 5.79297e-05 5.19524e-05 0.000189239
internal_weight=28826 678 86 28148 5039 592 523 391 483 96 349 185 98 164 87 23109 387 8269 8003 95 287 245 185 118 4648 14840 1215 583 3433 245
internal_count=28826 678 86 28148 5039 592 523 391 483 96 349 185 98 164 87 23109 387 8269 8003 95 287 245 185 118 4648 14840 1215 583 3433 245
is_linear=0
shrinkage=0.025


Tree=17
num_leaves=31
num_cat=0
split_feature=34 0 37 37 3 0 0 13 21 0 34 7 4 31 4 31 13 34 31 12 4 36 18 1 21 15 23 1 13 4
split_gain=0.247921 0.12703 0.114468 0.0349504 0.0324954 0.0306569 0.0301027 0.0223401 0.0164061 0.014418 0.0252525 0.0161315 0.0136926 0.0182749 0.0133593 0.0125794 0.0122212 0.0165984 0.0253107 0.00999657 0.0102714 0.0133702 0.017549 0.00979032 0.0115434 0.0156516 0.00975195 0.00957989 0.00901885 0.00876878
threshold=0.37053740024566656 -4.9715194702148429 0.16032457351684573 0.29237198829650884 -0.0087153315544128401 -5.8866901397705069 -5.2923471927642813 -1.1700000166893003 7.5000000000000009 -5.3710961341857901 0.06724992394447328 617.80001831054699 0.0086456239223480242 0.15263128280639651 0.0014799833297729494 0.10126948356628419 6.1689500808715829 0.26525247097015386 0.20701313018798831 126.83499908447267 0.0018738508224487307 4.789048671722413 19.500000000000004 -0.55375251173973072 2.5000000000000004 1.5000000000000002 5.5000000000000009 -1.5815342664718626 2.9564000368118291 0.0053932070732116708
decision_type=2 2 2 2 2 2 2 2 2 2 2 2 2 2 2 2 2 2 2 2 2 2 2 2 2 2 2 2 2 2
left_child=2 4 8 19 5 -2 23 -5 15 14 -11 12 13 -12 27 26 17 28 -19 -4 -21 22 -22 24 -6 -26 -1 -9 -16 -24
right_child=1 -3 3 7 6 -7 -8 9 -10 10 11 -13 -14 -15 16 -17 -18 18 -20 20 21 -23 29 -25 25 -27 -28 -29 -30 -31
leaf_value=-4.6860061101157007e-05 0.00029281713481858312 0.0016174134121706282 3.6195148135447459e-05 0.0007498740737779978 3.5757793942751478e-05 0.0011924931163115329 -0.00032811275056317555 -0.00034033891293547004 7.8803318613654663e-05 0.00092593370159322935 8.5455815773695842e-05 -9.0890478239753211e-05 2.0325097082726037e-05 0.00070512133553630616 3.2914752870145421e-05 5.5219360410053653e-06 -3.6641657725407711e-05 0.0002331767060821374 0.00099481707050538869 -4.3756750377541224e-05 0.00072259513281203592 0 0.00034165812622296996 0 0.00091500509120655727 0.00029807097749953455 0.00017321266062399296 5.9444292620467966e-05 0.00023779984551154263 6.608292223860453e-05
leaf_weight=18608 58 64 3217 47 48 56 44 56 776 41 60 62 74 89 304 3533 134 130 40 128 50 174 151 40 52 90 121 88 298 193
leaf_count=18608 58 64 3217 47 48 56 44 56 776 41 60 62 74 89 304 3533 134 130 40 128 50 174 151 40 52 90 121 88 298 193
internal_value=3.21682e-07 0.000580646 -8.85495e-06 9.535e-05 0.000399487 0.000763029 0.000236917 0.000202089 -3.31022e-05 0.000181032 0.00033138 0.000234168 0.000335706 0.000474491 0.000131703 -3.71186e-05 0.000168168 0.000206953 0.000431776 5.58529e-05 0.000142945 0.000189415 0.000269885 0.000356785 0.000431266 0.000546292 -4.52956e-05 -8.00605e-05 0.000138708 0.000194934
internal_weight=28826 452 28374 5336 388 114 274 1423 23038 1376 326 285 223 149 1050 22262 906 772 170 3913 696 568 394 230 190 142 18729 144 602 344
internal_count=28826 452 28374 5336 388 114 274 1423 23038 1376 326 285 223 149 1050 22262 906 772 170 3913 696 568 394 230 190 142 18729 144 602 344
is_linear=0
shrinkage=0.025


Tree=18
num_leaves=31
num_cat=0
split_feature=34 0 13 37 18 1 29 37 4 19 36 13 18 10 12 33 29 4 18 34 4 29 30 11 37 36 19 11 8 3
split_gain=0.236472 0.108878 0.135008 0.0986756 0.0373837 0.0942778 0.0396894 0.0360701 0.0287594 0.0286757 0.0412749 0.028605 0.0216197 0.0187746 0.0158651 0.012814 0.0133963 0.00856242 0.0099157 0.00852043 0.00820701 0.00814814 0.00805894 0.00754789 0.00736795 0.00743904 0.0109914 0.00729744 0.00834113 0.00722429
threshold=0.31423330307006841 -4.9131917953491202 5.5953500270843515 0.16229414939880374 6.5000000000000009 -0.56680554151535023 -5.1422970294952384 0.41323935985565191 0.015367776155471803 0.14389234036207202 5.8972234725952157 3.0141500234603886 31.500000000000004 2.5000000000000004 119.31999969482423 -1.1962573528289793 -6.2500073909759513 0.015367776155471803 7.5000000000000009 0.17005228996276858 0.0059863328933715829 -5.8339571952819815 -5.8866214752197257 5.5000000000000009 0.27173995971679693 4.3962638378143319 0.24744898080825808 6.5000000000000009 32.500000000000007 0.011464893817901613
decision_type=2 2 2 2 2 2 2 2 2 2 2 2 2 2 2 2 2 2 2 2 2 2 2 2 2 2 2 2 2 2
left_child=3 4 -3 14 5 -2 8 24 15 10 -9 20 13 -13 19 16 -6 18 -16 23 -11 -17 -18 -1 25 26 -5 28 29 -26
right_child=1 2 -4 7 6 -7 -8 9 -10 11 -12 12 -14 -15 17 21 22 -19 -20 -21 -22 -23 -24 -25 27 -27 -28 -29 -30 -31
leaf_value=-5.8946527789553728e-05 0.0017148470849497244 0.002211930874804471 0.00015785218990214806 0.00035146184855480581 -4.2291794737178389e-05 0.00012830550566566394 -0.00046165571427660661 0.0013060386234983092 0.00078276986104573948 -0.00036242464811503134 0.00013284342074378703 0.00010483234396815532 -2.2934636877975068e-05 0.00074981942787649431 0.00030004417525073945 -0.00029269039876886555 0.00064308681649741467 0.00019647717269091227 2.4474898025119791e-07 5.2009193817101558e-05 4.6652537193343357e-05 0.00014825184425396455 0.00025514288804869039 -2.6895079746859374e-05 6.8572456680838673e-05 1.4076013599192633e-05 7.0450763778142503e-05 0.0001841580714878545 -0.00011091527971957612 0.00043663230487897927
leaf_weight=10168 40 46 40 98 45 64 43 41 70 48 44 55 51 93 70 41 66 160 3022 572 59 67 156 9117 410 1871 1464 632 133 40
leaf_count=10168 40 46 40 98 45 64 43 41 70 48 44 55 51 93 70 41 66 160 3022 572 59 67 156 9117 410 1871 1464 632 133 40
internal_value=3.58537e-07 0.000461461 0.00129808 -1.06752e-05 0.000333726 0.000772844 0.000233642 8.94212e-05 0.000307318 0.000321513 0.000736414 0.000196096 0.000375805 0.000529219 -3.26127e-05 0.000210072 0.000302981 1.80375e-05 7.93502e-06 -4.10341e-05 -0.000115367 0 0.000384055 -4.3926e-05 6.92945e-05 4.93172e-05 8.98945e-05 0.000123598 5.34633e-05 0.000107728
internal_weight=28826 678 86 28148 592 104 488 5039 445 391 85 306 199 148 23109 375 267 3252 3092 19857 107 108 222 19285 4648 3433 1562 1215 583 450
internal_count=28826 678 86 28148 592 104 488 5039 445 391 85 306 199 148 23109 375 267 3252 3092 19857 107 108 222 19285 4648 3433 1562 1215 583 450
is_linear=0
shrinkage=0.025


Tree=19
num_leaves=31
num_cat=0
split_feature=37 37 29 13 37 37 37 29 13 29 20 29 10 12 14 1 36 13 30 7 4 36 4 12 12 30 30 12 30 13
split_gain=0.222726 0.111365 0.147492 0.0379919 0.0291565 0.0187737 0.0199483 0.0214458 0.0156729 0.0175384 0.0223651 0.0205538 0.0228125 0.0143218 0.0167735 0.0142892 0.0139115 0.0150573 0.0115037 0.0109223 0.0108812 0.00959435 0.00862943 0.00813391 0.0111059 0.0116289 0.0115462 0.00980971 0.0108201 0.0152374
threshold=0.24837172031402591 0.89044666290283214 -5.6045699119567862 -1.7802000045776365 0.090517044067382826 0.41323935985565191 0.6805403232574464 -5.5141596794128409 8.9795498847961444 -5.2504940032958975 2.5000000000000004 -6.0180306434631339 1.5000000000000002 126.83499908447267 0.61167800426483165 -1.0616930723190305 5.0723226070404062 2.4620099067687993 -4.5376939773559561 382.49650573730474 0.01770114898681641 2.6060286760330205 0.0085740685462951678 61.649999618530281 96.024997711181655 -5.0355007648468009 -5.2369403839111319 101.29500198364259 -6.4724853038787833 2.6506999731063847
decision_type=2 2 2 2 2 2 2 2 2 2 2 2 2 2 2 2 2 2 2 2 2 2 2 2 2 2 2 2 2 2
left_child=4 3 -3 -2 18 23 8 -8 9 10 11 -7 -13 21 15 -15 17 -12 19 -1 -21 -6 -11 -5 26 27 -25 -26 -29 -30
right_child=1 2 -4 5 13 6 7 -9 -10 22 16 12 -14 14 -16 -17 -18 -19 -20 20 -22 -23 -24 24 25 -27 -28 28 29 -31
leaf_value=-6.4183305298556569e-05 0.00081781486845041709 -6.19784640856897e-05 0.0017307065342046211 2.5105939870362464e-05 0.00034611471677199008 0.00016940571292335254 0.00026443476084664108 -0.00045235640528765294 -3.9167318564996464e-05 0.0010356810342433841 -5.1021202625783134e-05 0.0012287067245647038 0.00037326773074649591 0.00010984642001927785 0.00029667005788706728 -7.6781698791645082e-05 -0.000208596726693213 0.00039388752644854951 0.00030224868233544533 -2.6507153968028182e-05 0.00021826646856578139 -1.1538760993211882e-06 0.00036117729387691858 0.0001885436183368077 -0.00015509339597791542 -0.00030498958830278195 0.00055144209900714631 -0.00021315493976100362 0.00037710335949499453 8.2982107496673278e-05
leaf_weight=7837 59 45 67 452 49 76 62 43 48 42 60 43 59 786 209 364 49 130 58 8842 112 7972 40 527 68 41 72 42 171 401
leaf_count=7837 59 45 67 452 49 76 62 43 48 42 60 43 59 786 209 364 49 130 58 8842 112 7972 40 527 68 41 72 42 171 401
internal_value=3.89372e-07 0.000221274 0.000994133 0.000185049 -2.13932e-05 0.000168299 0.000285972 -7.02162e-06 0.000346686 0.000388806 0.00031115 0.000527952 0.000766594 1.37331e-05 8.8768e-05 4.85872e-05 0.000137738 0.000240769 -4.10964e-05 -4.24492e-05 -2.31422e-05 6.98813e-07 0.000745091 0.000123506 0.000155216 8.36242e-05 0.000237177 0.000111059 0.000144805 0.000175778
internal_weight=28826 2597 112 2485 26229 2426 652 105 547 499 417 178 102 9380 1359 1150 239 190 16849 16791 8954 8021 82 1774 1322 723 599 682 614 572
internal_count=28826 2597 112 2485 26229 2426 652 105 547 499 417 178 102 9380 1359 1150 239 190 16849 16791 8954 8021 82 1774 1322 723 599 682 614 572
is_linear=0
shrinkage=0.025


Tree=20
num_leaves=31
num_cat=0
split_feature=34 0 37 3 35 37 31 0 34 7 12 3 29 34 11 4 14 4 20 12 4 2 14 29 4 18 20 31 21 31
split_gain=0.218767 0.113648 0.0990031 0.0299048 0.0659577 0.0298073 0.0289748 0.018506 0.03017 0.0201542 0.0151228 0.0124006 0.0123684 0.0153454 0.0166494 0.0103771 0.0127148 0.00982579 0.0115865 0.0089705 0.00983515 0.0156356 0.0131988 0.00837463 0.00813884 0.00817847 0.00733772 0.00726822 0.00698828 0.00685066
threshold=0.37053740024566656 -4.9715194702148429 0.16032457351684573 -0.0087153315544128401 4.4175076484680185 0.29237198829650884 0.3042218685150147 -5.3710961341857901 0.066669225692749037 617.80001831054699 86.475002288818374 0.0021629184484481816 -5.3764357566833487 0.19227182865142825 2.5000000000000004 0.015771746635437015 0.85880398750305187 0.0030146688222885136 2.5000000000000004 126.83499908447267 0.0018738508224487307 4.5025813579559335 0.53001201152801525 -5.7716093063354483 0.0024163722991943364 30.500000000000004 5.5000000000000009 0.09713983535766603 2.5000000000000004 0.16256546974182132
decision_type=2 2 2 2 2 2 2 2 2 2 2 2 2 2 2 2 2 2 2 2 2 2 2 2 2 2 2 2 2 2
left_child=2 3 10 4 -2 19 17 12 -9 11 27 29 13 23 -15 16 -12 -5 -19 -4 -21 22 -22 -7 -16 -26 -23 -1 -13 -10
right_child=1 -3 5 6 -6 7 -8 8 9 -11 15 28 -14 14 24 -17 -18 18 -20 20 21 26 -24 -25 25 -27 -28 -29 -30 -31
leaf_value=-5.3760631730979126e-05 0.001287860007466153 0.0015267228585345528 3.3470571678896987e-05 5.561684798046302e-05 3.6794872869822117e-05 -1.8139791540765604e-05 -0.0002266060266515524 0.0010125780894659551 0.00019441792420429711 -0.00011195775784017316 -1.2489516059702641e-05 -3.961551482207142e-05 -0.00026675459315551311 0.00066989179200830002 0 0.00014951479778686549 0.00027765985881074141 0.00072289518190599567 0.00020972117436928798 -4.8086213172673314e-05 0.00021924647790256535 0.00016047234340428411 0.00072832164023897011 0.00017722290893852657 0.00029989140292592683 0 -0.00010266858614951132 -5.6125230202216847e-06 0.00032145188116128488 0.00070596456143390144
leaf_weight=12331 60 64 3217 64 54 332 63 40 42 63 7876 49 41 57 98 266 94 71 76 128 270 132 43 212 297 53 123 2471 62 77
leaf_count=12331 60 64 3217 64 54 332 63 40 42 63 7876 49 41 57 98 266 94 71 76 128 270 132 43 212 297 53 123 2471 62 77
internal_value=3.99615e-07 0.00054554 -8.21532e-06 0.00037376 0.000722462 8.8687e-05 0.000217488 0.00018732 0.000354929 0.000253505 -3.0771e-05 0.000364484 0.000133544 0.00015181 0.000252357 -3.28782e-06 -8.71939e-06 0.000362321 0.000477682 5.21408e-05 0.000134678 0.00018027 0.000299242 5.35925e-05 0.000192292 0.00024858 2.38747e-05 -4.58927e-05 0.00014081 0.000549377
internal_weight=28826 452 28374 388 114 5336 274 1423 333 293 23038 230 1090 1049 505 8236 7970 211 147 3913 696 568 313 544 448 350 255 14802 111 119
internal_count=28826 452 28374 388 114 5336 274 1423 333 293 23038 230 1090 1049 505 8236 7970 211 147 3913 696 568 313 544 448 350 255 14802 111 119
is_linear=0
shrinkage=0.025


Tree=21
num_leaves=31
num_cat=0
split_feature=34 0 37 13 3 35 0 21 3 37 37 34 14 29 0 35 18 23 32 6 1 21 15 14 30 1 37 33 34 2
split_gain=0.2086 0.108036 0.0943713 0.0292942 0.0284195 0.0626149 0.0283257 0.0232057 0.0228173 0.0132132 0.0128388 0.0232088 0.0192489 0.0235423 0.0143768 0.016906 0.0105236 0.00955915 0.00931082 0.0117075 0.00915979 0.0105928 0.0142654 0.00829763 0.0125356 0.00932884 0.0108559 0.00785059 0.00723212 0.00718631
threshold=0.37053740024566656 -4.9715194702148429 0.20829606056213382 -1.1700000166893003 -0.0087153315544128401 4.4175076484680185 -5.2923471927642813 7.5000000000000009 -0.0015029311180114744 0.090517044067382826 0.39308238029479986 0.052584886550903327 0.680425524711609 -6.1322443485260001 -6.0362024307250968 3.3008154630661015 31.500000000000004 6.5000000000000009 -2.883057594299316 1.2310756444931032 -0.55375251173973072 2.5000000000000004 1.5000000000000002 0.57294833660125744 -5.3280303478240958 -0.65778660774230946 0.078716993331909194 -1.1648784279823301 0.1375345587730408 4.0019376277923593
decision_type=2 2 2 2 2 2 2 2 2 2 2 2 2 2 2 2 2 2 2 2 2 2 2 2 2 2 2 2 2 2
left_child=2 4 7 8 5 -2 20 9 -4 17 18 -12 14 -14 -13 -16 -17 29 -5 -20 21 -6 -23 24 28 26 -25 -11 -9 -1
right_child=1 -3 3 10 6 -7 -8 23 -10 27 11 12 13 -15 15 16 -18 -19 19 -21 -22 22 -24 25 -26 -27 -28 -29 -30 -31
leaf_value=-1.2807770999961731e-05 0.0012561912981785652 0.0014897291943321202 9.7185641478228553e-05 -0.00021392842595127691 2.1534534967124311e-05 3.589171507734466e-05 -0.00033614754310110588 -3.6207135240440267e-05 0.0009856836869849674 2.0521538558809076e-05 0.00075097963811440044 -0.00019802667687188313 2.3224183038786744e-05 0.00092302778088704262 -0.00015154495903892291 0.00034129024526990221 -9.3687806617129917e-06 0.00026441323228072348 7.9218415310173675e-05 0.00048095947356029817 0 0.00086310851210825751 0.00027285171556926162 8.2256739173751728e-05 0.00034267633224027867 4.9221340018480048e-05 0.00058042721754085111 -2.9696243754592111e-05 0.00020450586306935137 -5.2877598042427858e-05
leaf_weight=3840 60 64 43 60 48 54 44 480 43 4197 48 83 42 42 74 204 54 60 2576 48 40 52 90 66 76 142 72 3608 92 12424
leaf_count=3840 60 64 43 60 48 54 44 480 43 4197 48 83 42 42 74 204 54 60 2576 48 40 52 90 66 76 142 72 3608 92 12424
internal_value=4.12521e-07 0.000532737 -7.99781e-06 0.000117163 0.000365032 0.000705232 0.000212348 -2.46701e-05 0.000576394 -2.94693e-05 0.000103991 0.000217036 0.000159276 0.000508104 8.16084e-05 0.000159409 0.000258491 -4.22707e-05 7.99491e-05 8.77001e-05 0.000329101 0.000401201 0.000511009 9.73203e-05 4.31271e-05 0.000213242 0.000362463 -2.37309e-06 0 -4.3572e-05
internal_weight=28826 452 28374 3317 388 114 274 25057 86 24129 3231 547 499 84 415 332 258 16324 2684 2624 230 190 142 928 648 280 138 7805 572 16264
internal_count=28826 452 28374 3317 388 114 274 25057 86 24129 3231 547 499 84 415 332 258 16324 2684 2624 230 190 142 928 648 280 138 7805 572 16264
is_linear=0
shrinkage=0.025


Tree=22
num_leaves=31
num_cat=0
split_feature=34 0 9 37 18 1 29 37 34 4 19 16 19 35 12 18 33 29 35 30 34 11 11 12 7 4 19 37 4 14
split_gain=0.19952 0.0930922 0.099657 0.0815218 0.0356419 0.0871283 0.0381467 0.0302336 0.0269636 0.0262373 0.0205289 0.0210075 0.0145533 0.0180363 0.0138745 0.013017 0.0111644 0.0122101 0.00938464 0.00868222 0.00784673 0.00775172 0.00761967 0.00760854 0.00696268 0.00907183 0.00760443 0.00688625 0.00620641 0.00790164
threshold=0.31423330307006841 -4.9131917953491202 4.5000000000000009 0.16229414939880374 6.5000000000000009 -0.56680554151535023 -5.1422970294952384 0.41323935985565191 0.052584886550903327 0.014674857258796694 0.14389234036207202 4.5000000000000009 0.29289318621158605 3.3008154630661015 119.31999969482423 31.500000000000004 -1.1962573528289793 -6.2500073909759513 4.3388500213623056 -5.8866214752197257 0.17005228996276858 5.5000000000000009 4.5000000000000009 93.439998626708999 420.46600341796881 0.01770114898681641 0.24744898080825808 0.028906106948852543 0.015367776155471803 0.85880398750305187
decision_type=2 2 2 2 2 2 2 2 2 2 2 2 2 2 2 2 2 2 2 2 2 2 2 2 2 2 2 2 2 2
left_child=3 4 -3 14 5 -2 9 -5 -9 16 11 -10 -12 -14 20 18 17 -6 -15 -19 24 -21 27 -18 26 -26 -1 -16 29 -24
right_child=1 2 -4 7 6 -7 -8 8 10 -11 12 -13 13 15 22 -17 23 19 -20 21 -22 -23 28 -25 25 -27 -28 -29 -30 -31
leaf_value=0 0.0016388446448098234 0.0020657002383593992 0.000287127912342031 6.2791861142152435e-05 -6.3017901382409031e-05 0.00011264338770594736 -0.00047479364874148321 0.00090390828302736547 8.5223164883578518e-05 0.00070886400168185509 -0.00031317668034240516 0.00097334301332011812 -0.00024130736515386769 0.00060140702015996797 -2.7541967206254445e-05 -4.0567615448475575e-05 0.00016771709495779679 0.00061039575231400548 0.00012625836503957544 0 5.177426168070452e-05 0.0003549484015185092 -5.2415405868559668e-06 -0.00024668644553492176 -2.304312321978056e-05 0.00027560529420346335 -5.9383996943594136e-05 0.00028425405871053416 0.0001717298611723548 0.00030866365741102908
leaf_weight=1528 40 42 44 4648 44 64 43 42 40 77 41 40 44 79 48 42 54 66 63 58 572 94 2896 52 7041 62 10654 121 137 50
leaf_count=1528 40 42 44 4648 44 64 43 42 40 77 41 40 44 79 48 42 54 66 63 58 572 94 2896 52 7041 62 10654 121 137 50
internal_value=4.33869e-07 0.000423986 0.00119823 -9.6941e-06 0.000305465 0.000733471 0.000207824 8.12748e-05 0.000293892 0.000280307 0.000210965 0.000566682 9.4209e-05 0.000179432 -2.9641e-05 0.000294317 0.000182183 0.000270249 0.000410441 0.00034891 -3.75209e-05 0.000215784 1.77022e-05 -1.26163e-05 -4.03016e-05 -2.0046e-05 -5.19043e-05 0.00018135 7.86505e-06 0
internal_weight=28826 678 86 28148 592 104 488 5039 391 445 349 80 269 228 23109 184 368 262 142 218 19857 152 3252 106 19285 7103 12182 169 3083 2946
internal_count=28826 678 86 28148 592 104 488 5039 391 445 349 80 269 228 23109 184 368 262 142 218 19857 152 3252 106 19285 7103 12182 169 3083 2946
is_linear=0
shrinkage=0.025


Tree=23
num_leaves=31
num_cat=0
split_feature=34 34 13 31 18 2 22 35 4 31 21 4 0 31 12 34 4 36 4 12 14 18 23 34 20 4 14 7 4 0
split_gain=0.192597 0.109954 0.105965 0.0462853 0.0251696 0.0639493 0.0265485 0.0214859 0.0180964 0.0143072 0.012328 0.013172 0.012075 0.0311 0.0156083 0.0124361 0.0110249 0.00990491 0.00989663 0.00942865 0.00911354 0.00864676 0.00804541 0.00781399 0.00779376 0.0129624 0.0103963 0.0139829 0.0121973 0.00906488
threshold=0.65122511982917797 0.19227182865142825 5.4354498386383066 0.12808322906494143 6.5000000000000009 5.293551206588746 2.5000000000000004 2.5482275485992436 0.02033483982086182 0.41876363754272466 4.5000000000000009 0.013622462749481203 -5.5692358016967765 0.2826759815216065 126.83499908447267 0.041521154344081886 0.0095889866352081316 4.0188729763031015 0.0026237964630126957 98.549999237060561 0.85880398750305187 28.500000000000004 5.5000000000000009 0.088213771581649794 5.5000000000000009 0.0015189051628112795 0.20881782472133639 560.71749877929699 0.0098376274108886736 -6.0245604515075675
decision_type=2 2 2 2 2 2 2 2 2 2 2 2 2 2 2 2 2 2 2 2 2 2 2 2 2 2 2 2 2 2
left_child=1 3 -2 10 5 -3 7 -6 9 -9 17 -12 14 -14 19 -15 -17 -1 -7 -5 -20 -13 23 -19 25 -16 -27 -28 29 -29
right_child=2 4 -4 12 6 18 -8 8 -10 -11 11 21 13 15 24 16 -18 22 20 -21 -22 -23 -24 -25 -26 26 27 28 -30 -31
leaf_value=-5.2744074373070389e-06 0.0015864623208196736 0.0012705463891680767 0 2.6319684744055734e-05 -0.00034208243935747798 -7.3420912978084136e-05 0.0007004324301334026 0.00013176142852149643 0.00059493396088429202 -0.0002491597338812426 -5.9289691017493759e-06 0.00028314260997320043 7.5673805772278021e-05 0.00085774062120652248 -0.00012766416198809608 0.00046974717389287733 0 -6.216999619782766e-05 0.00054281154369416784 -0.00010355413141984883 0.00015560786199236883 0 0.0001595530145780932 -1.4094958884099332e-05 1.600796260232607e-05 0.00067509228689503168 -9.4535432128987475e-06 0.00019982838964518503 0 0.00085054213050525735
leaf_weight=3984 73 44 40 1772 58 44 51 1509 53 59 4547 168 1195 41 41 74 44 10930 71 434 145 115 106 2797 183 46 82 40 40 40
leaf_count=3984 73 44 40 1772 58 44 51 1509 53 59 4547 168 1195 41 41 74 44 10930 71 434 145 115 106 2797 183 46 82 40 40 40
internal_value=4.49077e-07 -3.53576e-06 0.00102606 -1.71317e-05 0.000173488 0.000387449 0.000134244 0.000115151 0.000133253 0.000115685 -3.10992e-05 3.85613e-06 6.06897e-05 0.000122092 2.86776e-05 0.000452678 0.000284902 -4.07152e-05 0.000224127 0 0.000296319 0.000169345 -5.07406e-05 -5.25581e-05 0.000159003 0.000240562 0.000311747 0.000213771 0.000385787 0.000562533
internal_weight=28826 28713 113 26679 2034 304 1730 1679 1621 1568 22647 4830 4032 1354 2678 159 118 17817 260 2206 216 283 13833 13727 472 289 248 202 120 80
internal_count=28826 28713 113 26679 2034 304 1730 1679 1621 1568 22647 4830 4032 1354 2678 159 118 17817 260 2206 216 283 13833 13727 472 289 248 202 120 80
is_linear=0
shrinkage=0.025


Tree=24
num_leaves=31
num_cat=0
split_feature=34 0 31 34 4 32 34 14 36 18 29 8 8 4 0 31 8 35 36 12 33 19 15 1 12 29 14 14 12 19
split_gain=0.183459 0.0983542 0.0704076 0.0282694 0.0262122 0.0302807 0.0261768 0.0305191 0.0271369 0.0248157 0.023408 0.0130014 0.0108001 0.0143515 0.0105666 0.0326177 0.0187307 0.0105478 0.016782 0.0100113 0.0108327 0.0137359 0.0118824 0.0125913 0.00903879 0.00889692 0.00883725 0.0163416 0.0115664 0.00849787
threshold=0.37053740024566656 -4.9715194702148429 0.12808322906494143 0.16067907214164737 0.014674857258796694 -1.8175354003906248 0.21385571360588077 0.680425524711609 6.0433547496795663 6.5000000000000009 -5.3558819293975821 49.500000000000007 31.500000000000004 0.013418078422546388 -5.3710961341857901 0.2826759815216065 33.500000000000007 2.8712460994720463 3.2968605756759648 125.63999938964845 -1.2787378430366514 0.20169491320848468 2.5000000000000004 -1.5513564348220823 61.649999618530281 -5.8430359363555899 0.67028987407684337 0.81322672963142406 108.90500259399415 0.24744898080825808
decision_type=2 2 2 2 2 2 2 2 2 2 2 2 2 2 2 2 2 2 2 2 2 2 2 2 2 2 2 2 2 2
left_child=2 4 3 12 9 -6 14 11 -9 -2 25 -8 29 -14 19 -16 -17 -5 -19 -4 21 -21 -23 -24 -20 -11 -26 28 -28 -1
right_child=1 -3 6 17 5 -7 7 8 -10 10 -12 -13 13 -15 15 16 -18 18 24 20 -22 22 23 -25 26 -27 27 -29 -30 -31
leaf_value=5.1273816760260033e-06 0.00070371827101862094 0.0014130049808165775 1.7525347020623922e-05 -0.00021833593714047671 0.001177570077347906 0.00021566501476067625 0.00021152752897930614 0.0011472965009797496 0.00020171819774550387 2.3405473915135159e-05 -0.00037217302145162493 -0.00017587288328765058 -1.7535363460211988e-05 0.00014350088295629924 7.4624466229341276e-05 0.00094070214092077567 0.00021081251359481197 0.0004176999638508752 -2.5601474583894259e-05 0.00062139034822321262 0 0 0.00012762396786940208 0.00067513123872975649 6.7435336735403512e-05 0.0003974694192189379 0.00014650345565447734 3.2113796220279632e-05 0.00084743276316879841 -5.433150483728388e-05
leaf_weight=1635 52 64 2754 70 46 51 355 42 49 96 50 56 8145 358 717 46 65 91 461 49 255 154 109 43 958 93 40 105 40 11777
leaf_count=1635 52 64 2754 70 46 51 355 42 49 96 50 56 8145 358 717 46 65 91 461 49 255 154 109 43 958 93 40 105 40 11777
internal_value=4.58484e-07 0.000499679 -7.42335e-06 -2.50382e-05 0.000339355 0.000704698 8.08929e-05 0.00025288 0.00067304 0.000207016 8.60485e-05 0.000152376 -3.28689e-05 -1.04452e-05 5.96454e-05 0.00014078 0.000541309 7.07387e-05 8.42727e-05 3.88964e-05 0.000131103 0.000220267 0.000146077 0.000302251 6.35502e-05 0.00022175 0.000101684 0.000264277 0.000533968 -4.68969e-05
internal_weight=28826 452 28374 23680 388 97 4694 502 91 291 239 411 21915 8503 4192 828 111 1765 1695 3364 610 355 306 152 1604 189 1143 185 80 13412
internal_count=28826 452 28374 23680 388 97 4694 502 91 291 239 411 21915 8503 4192 828 111 1765 1695 3364 610 355 306 152 1604 189 1143 185 80 13412
is_linear=0
shrinkage=0.025


Tree=25
num_leaves=31
num_cat=0
split_feature=37 37 29 13 31 21 3 12 0 36 14 3 1 13 37 3 7 1 6 21 29 6 19 4 9 3 13 0 31 0
split_gain=0.171278 0.0906249 0.132151 0.0348712 0.0270463 0.0133665 0.0177693 0.016213 0.019759 0.0184776 0.0156703 0.0146215 0.015298 0.023473 0.0140966 0.0282987 0.0127666 0.0135597 0.0119901 0.0114257 0.0132037 0.0109915 0.00981635 0.0151322 0.0117645 0.0249303 0.00970481 0.0109245 0.0094761 0.00914754
threshold=0.24837172031402591 0.89044666290283214 -5.6045699119567862 -1.7802000045776365 0.12808322906494143 2.5000000000000004 0.021556735038757328 96.540000915527358 -5.1704349517822257 5.1928575038909921 0.67028987407684337 0.017802223563194278 -0.35371430218219752 1.6856499910354616 0.34125661849975591 -0.0090878754854202253 420.46600341796881 -1.0411525964736936 1.4610544443130495 4.5000000000000009 -6.4386644363403311 -0.78215336799621571 0.3647450208663941 0.011726319789886476 3.5000000000000004 0.00034350156784057623 3.2168999910354619 -6.5279896259307852 0.21248435974121097 -5.1814260482788077
decision_type=2 2 2 2 2 2 2 2 2 2 2 2 2 2 2 2 2 2 2 2 2 2 2 2 2 2 2 2 2 2
left_child=4 3 -3 -2 19 11 7 8 14 10 21 12 13 -5 -7 -16 17 -17 -6 -1 26 -9 23 -23 25 -24 -21 -28 -18 -26
right_child=1 2 -4 5 18 6 -8 9 -10 -11 -12 -13 -14 -15 15 16 28 -19 -20 20 -22 22 24 -25 29 -27 27 -29 -30 -31
leaf_value=-3.7440920632787744e-05 0.00076695764790444317 -0.00010572645904334343 0.0015900968357763145 -0.00035606121646481598 4.1451381473358239e-05 0.00010523100150374881 0.00065036188401454301 0.0003974396079751099 0.0006901892173058812 -0.00019891263760456985 0.0005620603533477859 -0.00037098812798245086 0.0003331292742250784 9.2999363226485126e-05 0.00096689237498266743 -0.0002816834234666506 7.8701721340621597e-05 0.0002886677990734045 0.00042315055512719683 0.00024119160722396802 -5.9031889472636588e-06 3.7043500802954042e-05 0.00077182920475880727 -0.00044307043942826569 0.0001182085178245077 0 -0.00024699877701190855 0.00023102570019545968 0.00065883355115012689 -0.00025856695172974883
leaf_weight=18057 59 45 67 82 3201 366 53 75 66 109 53 44 130 541 42 47 43 55 53 244 4557 195 50 49 281 49 66 51 53 43
leaf_count=18057 59 45 67 82 3201 366 53 75 66 109 53 44 130 541 42 47 43 55 53 244 4557 195 50 49 281 49 66 51 53 43
internal_value=4.90956e-07 0.000194201 0.000891709 0.000161412 -1.86001e-05 0.000145345 0.000187089 0.000169522 0.000264671 9.58147e-05 0.000139564 5.67645e-05 8.55338e-05 2.94112e-05 0.000213148 0.000366228 0.000222033 1.40381e-06 4.85645e-05 -2.82233e-05 5.11275e-06 0.000105305 6.81677e-05 -5.05837e-05 0.000142521 0.000384712 0.000150708 -1.72507e-05 0.000428246 5.98703e-05
internal_weight=28826 2597 112 2485 26229 2426 1629 1576 672 904 795 797 753 623 606 240 198 102 3254 22975 4918 742 667 244 423 99 361 117 96 324
internal_count=28826 2597 112 2485 26229 2426 1629 1576 672 904 795 797 753 623 606 240 198 102 3254 22975 4918 742 667 244 423 99 361 117 96 324
is_linear=0
shrinkage=0.025


Tree=26
num_leaves=31
num_cat=0
split_feature=34 37 2 37 19 2 36 13 20 35 37 4 20 11 15 33 33 33 4 14 35 37 35 14 29 13 33 19 12 1
split_gain=0.172854 0.115563 0.102435 0.0302525 0.0252898 0.0747571 0.0180454 0.0126137 0.0199403 0.0383981 0.0332242 0.0160289 0.0131942 0.0130033 0.0125815 0.012581 0.0122218 0.0121156 0.0117261 0.0152419 0.011915 0.0114988 0.010841 0.01266 0.0108159 0.0109483 0.00956209 0.0111292 0.00823091 0.00776243
threshold=0.65122511982917797 0.29237198829650884 3.6212613582611088 0.16032457351684573 0.13423423469066623 4.9708003997802743 4.9503705501556405 8.9795498847961444 2.5000000000000004 3.2039184570312504 0.6805403232574464 0.012508034706115724 1.5000000000000002 5.5000000000000009 2.5000000000000004 -0.68307355046272267 -0.63840752840042103 -0.17050301283597943 0.015771746635437015 0.8473193645477296 4.7334709167480478 0.43696999549865728 3.9504086971282963 0.4014925360679627 -5.2986063957214347 2.6506999731063847 -1.4337632060050962 0.13423423469066623 126.83499908447267 -1.2806662917137144
decision_type=2 2 2 2 2 2 2 2 2 2 2 2 2 2 2 2 2 2 2 2 2 2 2 2 2 2 2 2 2 2
left_child=1 3 -2 14 5 -3 7 8 9 -6 21 12 -11 -14 26 -7 -8 -17 19 -16 -20 22 -10 -24 25 -23 27 -1 -5 -30
right_child=2 4 -4 28 6 15 16 -9 10 11 -12 -13 13 -15 18 17 -18 -19 20 -21 -22 24 23 -25 -26 -27 -28 -29 29 -31
leaf_value=0.0002822458743793714 0.0017989910843103783 0.001165509517250869 0.00023453305990736386 2.9792113346324197e-05 0.00099845808399819623 0.00054011142682978519 -0.00024876557794616219 -0.00010559899704530836 -3.9120698881257939e-06 -5.6877512938262954e-05 -0.00050052298278736071 0.0006533740304727854 0 0.00049018591060633878 -3.2902612501396409e-06 -0.00019831375584804589 0.00010693635920079677 0.00021535258081551353 0.00046083229361500665 0.00029265164547747903 0 -6.8933109224334735e-05 0.00035084891905401503 0 0.00071336499093930519 0.00037655545329011377 -4.9473902834485028e-05 -1.6452087505742559e-05 0.0001988645877685089 2.1839317953781812e-05
leaf_weight=77 51 64 62 3239 53 56 107 74 239 99 46 52 57 87 3411 55 126 157 72 111 67 43 165 93 45 86 11620 7701 403 308
leaf_count=77 51 64 62 3239 53 56 107 74 239 99 46 52 57 87 3411 55 126 157 72 111 67 43 165 93 45 86 11620 7701 403 308
internal_value=5.03932e-07 -3.26657e-06 0.000972133 -1.59528e-05 0.00019624 0.00039629 0.000145757 0.000187202 0.000209972 0.000369066 0.000128866 0.000244552 0.000144502 0.00029963 -2.69732e-05 0.000199652 -4.6093e-05 9.58692e-05 1.50556e-05 5.4075e-06 0.000239879 0.000176414 0.000107447 0.000219874 0.000357383 0.000209441 -3.50345e-05 -1.31378e-05 4.77388e-05 0.000125828
internal_weight=28826 28713 113 27009 1704 332 1372 1139 1065 348 717 295 243 144 23059 268 233 212 3661 3522 139 671 497 258 174 129 19398 7778 3950 711
internal_count=28826 28713 113 27009 1704 332 1372 1139 1065 348 717 295 243 144 23059 268 233 212 3661 3522 139 671 497 258 174 129 19398 7778 3950 711
is_linear=0
shrinkage=0.025


Tree=27
num_leaves=31
num_cat=0
split_feature=34 37 13 37 19 6 18 14 29 14 4 18 34 15 18 29 7 4 14 35 3 4 18 7 36 7 4 12 18 6
split_gain=0.164793 0.109978 0.10132 0.0287851 0.0240619 0.07105 0.0216359 0.0276096 0.0232734 0.0185522 0.0223416 0.0384818 0.0124205 0.0119677 0.0118713 0.023471 0.0155394 0.0111529 0.0144969 0.0113357 0.0108955 0.0108548 0.0102916 0.00866347 0.0128085 0.00822964 0.0122501 0.00783173 0.00926161 0.0216087
threshold=0.65122511982917797 0.29237198829650884 5.4354498386383066 0.16032457351684573 0.13423423469066623 -0.97411179542541493 14.500000000000002 0.37377451360225683 -5.9175405502319327 0.36055555939674383 0.013622462749481203 23.500000000000004 0.21385571360588077 2.5000000000000004 31.500000000000004 -5.3353159427642813 439.51350402832037 0.015771746635437015 0.8473193645477296 4.7334709167480478 -0.0053957402706146232 0.0054347217082977304 10.500000000000002 745.26150512695324 3.9326184988021855 420.46600341796881 0.021697372198104862 126.83499908447267 19.500000000000004 -0.81522321701049794
decision_type=2 2 2 2 2 2 2 2 2 2 2 2 2 2 2 2 2 2 2 2 2 2 2 2 2 2 2 2 2 2
left_child=1 3 -2 13 5 12 7 -6 22 10 14 -12 21 25 15 -8 -17 18 -15 -19 -10 -3 -9 24 -11 -1 -27 -5 29 -29
right_child=2 4 -4 27 6 -7 9 8 20 23 11 -13 -14 17 -16 16 -18 19 -20 -21 -22 -23 -24 -25 -26 26 -28 28 -30 -31
leaf_value=-4.7254182031536795e-05 0.0014979272105768828 0.00028097553100871246 -3.3112318097420642e-06 2.9047541230372482e-05 -0.00058317368577334879 0.0011368200455505687 0.00015271582457844642 0 0.00063658721598785183 0.00032627506885490355 0.0012224840297556778 0.00020265472540352813 0.00034836903982953096 -3.2080299760106692e-06 1.2821712830053592e-05 0.00020317469103346494 0.00086790223720820527 0.00044946931127388739 0.00028540067904681823 0 8.5796628203441784e-05 -0.00019424774451181294 -0.00051312360912561419 -0.00026783413930994964 -1.0719405767098202e-05 -1.640346793755776e-05 0.00034986670554836138 4.8431068440550005e-05 6.5645981642785896e-05 0.00065993689616868599
leaf_weight=11839 73 51 40 3239 50 64 350 44 40 96 40 72 147 3411 184 54 61 72 111 67 81 70 42 47 211 7503 56 109 540 62
leaf_count=11839 73 51 40 3239 50 64 350 44 40 96 40 72 147 3411 184 54 61 72 111 67 81 70 42 47 211 7503 56 109 540 62
internal_value=5.13826e-07 -3.16566e-06 0.000949218 -1.55437e-05 0.000191458 0.0003867 0.000142144 -5.70981e-05 6.01469e-05 0.000190319 0.000260335 0.000596599 0.000194713 -2.62951e-05 0.00019763 0.00026521 0.000581763 1.4684e-05 5.25662e-06 0.000233954 0.000292093 0 -0.000237067 3.24511e-05 8.72603e-05 -3.41584e-05 -1.33134e-05 4.65786e-05 0.000122778 0.000287229
internal_weight=28826 28713 113 27009 1704 332 1372 257 207 1115 761 112 268 23059 649 465 115 3661 3522 139 121 121 86 354 307 19398 7559 3950 711 171
internal_count=28826 28713 113 27009 1704 332 1372 257 207 1115 761 112 268 23059 649 465 115 3661 3522 139 121 121 86 354 307 19398 7559 3950 711 171
is_linear=0
shrinkage=0.025


Tree=28
num_leaves=31
num_cat=0
split_feature=37 37 29 11 37 21 3 3 30 12 14 14 13 12 0 0 36 35 2 14 19 6 2 35 30 23 14 14 36 8
split_gain=0.148493 0.0801686 0.123773 0.0334662 0.0213495 0.0130831 0.0245158 0.0133369 0.0133117 0.0105664 0.0141547 0.0112514 0.0107121 0.0100755 0.0239646 0.0103713 0.0120718 0.0124564 0.0111821 0.013355 0.0129643 0.0149585 0.0122994 0.0102445 0.00974282 0.00960136 0.0086308 0.00820866 0.00806389 0.007904
threshold=0.24837172031402591 0.89044666290283214 -5.6121504306793204 1.0000000180025095e-35 0.090517044067382826 2.5000000000000004 0.021556735038757328 0.017802223563194278 -6.3376147747039786 126.83499908447267 0.61167800426483165 0.43534001708030706 1.580734968185425 96.540000915527358 -5.147822141647338 -5.1814260482788077 4.9215509891510019 5.8137917518615732 4.4524030685424814 0.53001201152801525 0.44337606430053716 0.58767497539520275 3.7140364646911626 4.8369698524475107 -4.5376939773559561 6.5000000000000009 0.5617378056049348 0.27681992948055273 2.6060286760330205 31.500000000000004
decision_type=2 2 2 2 2 2 2 2 2 2 2 2 2 2 2 2 2 2 2 2 2 2 2 2 2 2 2 2 2 2
left_child=4 3 -3 -2 24 7 13 8 -5 28 11 -11 -13 14 -7 16 18 -18 20 23 26 22 -22 -20 25 29 -15 -24 -6 -1
right_child=1 2 -4 5 9 6 -8 -9 -10 10 -12 12 -14 15 -16 -17 17 -19 19 -21 21 -23 27 -25 -26 -27 -28 -29 -30 -31
leaf_value=-5.0132710125094077e-05 0.0007757242948368743 -0.00014488322406800257 0.0015017381295953217 -0.00026663706192559932 0.00031809278477448971 0.00017940245238941272 0.0007025026059792643 -0.00038421045633873379 0.00010776001324714267 9.0178756204497976e-05 0.00026821968811487925 -0.00030647218968682713 5.9495016781160282e-07 -7.536240693904499e-05 0.00072419675049119781 -0.00015116284610358405 -0.00018280715062621099 0.00020617025143292267 0 0.00068743791619485344 -0.00023079061081738303 0.00060531176537890943 0.00039805723218887582 0.00047214064659073773 0.00028194181686188333 0.00026559874590589063 0.00028041339202900423 0 -1.1935627212886281e-07 -1.4024806932480369e-05
leaf_weight=10418 53 44 68 61 49 598 55 40 668 830 209 93 227 215 59 85 135 79 63 57 41 58 79 40 58 63 52 47 7972 6310
leaf_count=10418 53 44 68 61 49 598 55 40 668 830 209 93 227 215 59 85 135 79 63 57 41 58 79 40 58 63 52 47 7972 6310
internal_value=5.31423e-07 0.000180903 0.00083717 0.000149994 -1.72385e-05 0.000135017 0.000174993 4.52043e-05 7.26849e-05 1.27966e-05 7.72735e-05 4.01962e-05 -8.1535e-05 0.000154971 0.000233152 9.81451e-05 0.000125645 -2.72937e-05 0.000179636 0.000367964 0.000112698 0.000252108 0.000111684 0.00016222 -3.41074e-05 -3.53648e-05 0 0.000243749 1.55236e-06 -3.66635e-05
internal_weight=28826 2597 112 2485 26229 2432 1663 769 729 9380 1359 1150 320 1608 657 951 866 214 652 160 492 225 167 103 16849 16791 267 126 8021 16728
internal_count=28826 2597 112 2485 26229 2432 1663 769 729 9380 1359 1150 320 1608 657 951 866 214 652 160 492 225 167 103 16849 16791 267 126 8021 16728
is_linear=0
shrinkage=0.025


Tree=29
num_leaves=31
num_cat=0
split_feature=34 37 2 37 18 1 36 35 3 20 37 35 12 0 34 37 12 12 15 35 12 3 3 14 35 36 3 19 12 18
split_gain=0.152448 0.100033 0.0962667 0.0262609 0.022907 0.0876697 0.0175485 0.0139178 0.0214661 0.0237914 0.0192503 0.0138517 0.0154945 0.0196819 0.0154979 0.0129381 0.0111935 0.00931101 0.00871954 0.00869101 0.0091136 0.00841495 0.0103843 0.00824927 0.0089963 0.0105765 0.00761191 0.00901966 0.00719726 0.00863959
threshold=0.65122511982917797 0.29237198829650884 3.6212613582611088 0.16032457351684573 6.5000000000000009 -0.63623377680778492 4.9401350021362314 2.5482275485992436 -0.0082986950874328596 2.5000000000000004 0.6805403232574464 4.9865660667419442 64.06000137329103 -5.3973309993743888 0.22742259502410891 0.43696999549865728 86.475002288818374 116.0550003051758 3.5000000000000004 6.3237056732177743 64.645000457763686 -0.0061129331588745109 -0.0097386837005615217 0.072299651801586165 4.0357730388641366 3.9326184988021855 0.0040616393089294442 0.14389234036207202 126.83499908447267 19.500000000000004
decision_type=2 2 2 2 2 2 2 2 2 2 2 2 2 2 2 2 2 2 2 2 2 2 2 2 2 2 2 2 2 2
left_child=1 3 -2 16 5 -3 7 -6 9 -9 11 12 14 23 -10 17 -1 -15 21 -7 -21 22 -8 -14 -25 -26 27 -18 -5 -30
right_child=2 4 -4 28 6 19 18 8 10 -11 -12 -13 13 15 -16 -17 26 -19 -20 20 -22 -23 -24 24 25 -27 -28 -29 29 -31
leaf_value=-3.8087871356355847e-05 0.001713800420156286 0.0012668057810665701 0.00019787311294792401 2.7669043126460016e-05 -0.0001794677253097429 -1.477585458145528e-05 -1.1036465252982451e-05 0.0008619437392462714 0.00015218008940288938 0.00021874130208022151 -0.00026671793034377817 0.00057169734559559806 0.00046222353380715776 0.00041870840409706766 -0.00031449864601381706 0.00080240429127588866 0.00010669293913902947 0 -0.00037220301220148075 0 0.00050360803579921288 -0.0001012354644448816 0.00045703485042322429 -3.4720714421464485e-05 0.00050697587034776988 6.8609282746517883e-05 5.6400868995057006e-05 -1.8652238215416679e-05 0.00027651442587612533 6.2241582677289775e-05
leaf_weight=14811 51 57 62 3239 55 90 49 63 93 120 59 57 40 92 79 49 374 48 40 52 59 132 49 210 51 160 1200 6674 171 540
leaf_count=14811 51 57 62 3239 55 90 49 63 93 120 59 57 40 92 79 49 374 48 40 52 59 132 49 210 51 160 1200 6674 171 540
internal_value=5.34146e-07 -3.00153e-06 0.000913014 -1.48106e-05 0.000182608 0.000404578 0.000141024 0.000183081 0.000203241 0.00045724 0.00015059 0.000181713 0.000150971 0.000207533 -4.82946e-05 0.000426685 -2.5083e-05 0.000272694 -3.29325e-05 0.000142628 0.000291567 1.66043e-05 0.000199999 0.000111545 7.12862e-05 0.000188249 -1.42519e-06 -1.1632e-05 4.45155e-05 0.000117603
internal_weight=28826 28713 113 27009 1704 258 1446 1176 1121 183 938 879 822 650 172 189 23059 140 270 201 111 230 98 461 421 211 8248 7048 3950 711
internal_count=28826 28713 113 27009 1704 258 1446 1176 1121 183 938 879 822 650 172 189 23059 140 270 201 111 230 98 461 421 211 8248 7048 3950 711
is_linear=0
shrinkage=0.025


end of trees

feature_importances:
Column_37=93
Column_34=78
Column_4=63
Column_12=54
Column_14=49
Column_18=49
Column_31=49
Column_0=45
Column_29=43
Column_13=39
Column_36=38
Column_3=36
Column_35=30
Column_7=28
Column_1=24
Column_2=22
Column_21=21
Column_19=18
Column_33=17
Column_11=16
Column_30=16
Column_8=13
Column_32=12
Column_15=11
Column_20=11
Column_6=8
Column_16=5
Column_23=5
Column_10=3
Column_9=2
Column_22=2

parameters:
[boosting: gbdt]
[objective: huber]
[metric: l1,huber]
[tree_learner: serial]
[device_type: cpu]
[data_sample_strategy: bagging]
[data: ]
[valid: ]
[num_iterations: 1500]
[learning_rate: 0.025]
[num_leaves: 31]
[num_threads: 16]
[seed: 42]
[deterministic: 0]
[force_col_wise: 0]
[force_row_wise: 0]
[histogram_pool_size: -1]
[max_depth: -1]
[min_data_in_leaf: 40]
[min_sum_hessian_in_leaf: 0.001]
[bagging_fraction: 0.85]
[pos_bagging_fraction: 1]
[neg_bagging_fraction: 1]
[bagging_freq: 0]
[bagging_seed: 400]
[bagging_by_query: 0]
[feature_fraction: 0.85]
[feature_fraction_bynode: 1]
[feature_fraction_seed: 30056]
[extra_trees: 0]
[extra_seed: 12879]
[early_stopping_round: 0]
[early_stopping_min_delta: 0]
[first_metric_only: 0]
[max_delta_step: 0]
[lambda_l1: 0.1]
[lambda_l2: 1]
[linear_lambda: 0]
[min_gain_to_split: 0]
[drop_rate: 0.1]
[max_drop: 50]
[skip_drop: 0.5]
[xgboost_dart_mode: 0]
[uniform_drop: 0]
[drop_seed: 17869]
[top_rate: 0.2]
[other_rate: 0.1]
[min_data_per_group: 100]
[max_cat_threshold: 32]
[cat_l2: 10]
[cat_smooth: 10]
[max_cat_to_onehot: 4]
[top_k: 20]
[monotone_constraints: ]
[monotone_constraints_method: basic]
[monotone_penalty: 0]
[feature_contri: ]
[forcedsplits_filename: ]
[refit_decay_rate: 0.9]
[cegb_tradeoff: 1]
[cegb_penalty_split: 0]
[cegb_penalty_feature_lazy: ]
[cegb_penalty_feature_coupled: ]
[path_smooth: 0]
[interaction_constraints: ]
[verbosity: -1]
[saved_feature_importance_type: 0]
[use_quantized_grad: 0]
[num_grad_quant_bins: 4]
[quant_train_renew_leaf: 0]
[stochastic_rounding: 1]
[linear_tree: 0]
[max_bin: 255]
[max_bin_by_feature: ]
[min_data_in_bin: 3]
[bin_construct_sample_cnt: 200000]
[data_random_seed: 175]
[is_enable_sparse: 1]
[enable_bundle: 1]
[use_missing: 1]
[zero_as_missing: 0]
[feature_pre_filter: 1]
[pre_partition: 0]
[two_round: 0]
[header: 0]
[label_column: ]
[weight_column: ]
[group_column: ]
[ignore_column: ]
[categorical_feature: ]
[forcedbins_filename: ]
[precise_float_parser: 0]
[parser_config_file: ]
[objective_seed: 16083]
[num_class: 1]
[is_unbalance: 0]
[scale_pos_weight: 1]
[sigmoid: 1]
[boost_from_average: 1]
[reg_sqrt: 0]
[alpha: 0.9]
[fair_c: 1]
[poisson_max_delta_step: 0.7]
[tweedie_variance_power: 1.5]
[lambdarank_truncation_level: 30]
[lambdarank_norm: 1]
[label_gain: ]
[lambdarank_position_bias_regularization: 0]
[eval_at: ]
[multi_error_top_k: 1]
[auc_mu_weights: ]
[num_machines: 1]
[local_listen_port: 12400]
[time_out: 120]
[machine_list_filename: ]
[machines: ]
[gpu_platform_id: -1]
[gpu_device_id: -1]
[gpu_use_dp: 0]
[num_gpu: 1]

end of parameters

pandas_categorical:null
